Time	CellId	RNTI	BWPId	StreamId	SINR(dB)
0.403929	2	1	0	0	58.8902
0.404929	2	1	0	0	58.8902
0.405929	2	1	0	0	58.8902
0.406929	2	1	0	0	58.8902
0.407929	2	1	0	0	58.8902
0.408929	2	1	0	0	58.8902
0.409929	2	1	0	0	55.8799
0.409929	2	1	0	1	55.3443
0.410929	2	1	0	0	55.8799
0.410929	2	1	0	1	55.3443
0.411929	2	1	0	0	55.8799
0.411929	2	1	0	1	55.3443
0.412929	2	1	0	0	55.8799
0.412929	2	1	0	1	55.3443
0.413929	2	1	0	0	55.8799
0.413929	2	1	0	1	55.3443
0.414929	2	1	0	0	55.8799
0.414929	2	1	0	1	55.3443
0.415929	2	1	0	0	63.315
0.415929	2	1	0	1	63.5391
0.416929	2	1	0	0	63.315
0.416929	2	1	0	1	63.5391
0.417929	2	1	0	0	63.315
0.417929	2	1	0	1	63.5391
0.418929	2	1	0	0	63.315
0.418929	2	1	0	1	63.5391
0.419929	2	1	0	0	63.315
0.419929	2	1	0	1	63.5391
0.420929	2	1	0	0	63.315
0.420929	2	1	0	1	63.5391
0.421929	2	1	0	0	63.315
0.421929	2	1	0	1	63.5391
0.422929	2	1	0	0	63.315
0.422929	2	1	0	1	63.5391
0.423929	2	1	0	0	63.315
0.423929	2	1	0	1	63.5391
0.424929	2	1	0	0	63.315
0.424929	2	1	0	1	63.5391
0.425929	2	1	0	0	63.315
0.425929	2	1	0	1	63.5391
0.426929	2	1	0	0	63.315
0.426929	2	1	0	1	63.5391
0.427929	2	1	0	0	63.315
0.427929	2	1	0	1	63.5391
0.428929	2	1	0	0	63.315
0.428929	2	1	0	1	63.5391
0.429929	2	1	0	0	63.315
0.429929	2	1	0	1	63.5391
0.430929	2	1	0	0	63.315
0.430929	2	1	0	1	63.5391
0.431929	2	1	0	0	63.315
0.431929	2	1	0	1	63.5391
0.432929	2	1	0	0	63.315
0.432929	2	1	0	1	63.5391
0.433929	2	1	0	0	63.315
0.433929	2	1	0	1	63.5391
0.434929	2	1	0	0	63.315
0.434929	2	1	0	1	63.5391
0.435929	2	1	0	0	63.315
0.435929	2	1	0	1	63.5391
0.436929	2	1	0	0	63.315
0.436929	2	1	0	1	63.5391
0.437929	2	1	0	0	63.315
0.437929	2	1	0	1	63.5391
0.438929	2	1	0	0	63.315
0.438929	2	1	0	1	63.5391
0.439929	2	1	0	0	63.315
0.439929	2	1	0	1	63.5391
0.440929	2	1	0	0	63.315
0.440929	2	1	0	1	63.5391
0.441929	2	1	0	0	63.315
0.441929	2	1	0	1	63.5391
0.442929	2	1	0	0	63.315
0.442929	2	1	0	1	63.5391
0.443929	2	1	0	0	63.315
0.443929	2	1	0	1	63.5391
0.444929	2	1	0	0	63.315
0.444929	2	1	0	1	63.5391
0.445929	2	1	0	0	63.315
0.445929	2	1	0	1	63.5391
0.446929	2	1	0	0	63.315
0.446929	2	1	0	1	63.5391
0.447929	2	1	0	0	63.315
0.447929	2	1	0	1	63.5391
0.448929	2	1	0	0	63.315
0.448929	2	1	0	1	63.5391
0.449929	2	1	0	0	63.315
0.449929	2	1	0	1	63.5391
0.450929	2	1	0	0	63.315
0.450929	2	1	0	1	63.5391
0.451929	2	1	0	0	63.315
0.451929	2	1	0	1	63.5391
0.452929	2	1	0	0	63.315
0.452929	2	1	0	1	63.5391
0.453929	2	1	0	0	63.315
0.453929	2	1	0	1	63.5391
0.454929	2	1	0	0	63.315
0.454929	2	1	0	1	63.5391
0.455929	2	1	0	0	63.315
0.455929	2	1	0	1	63.5391
0.456929	2	1	0	0	63.315
0.456929	2	1	0	1	63.5391
0.457929	2	1	0	0	63.315
0.457929	2	1	0	1	63.5391
0.458929	2	1	0	0	63.315
0.458929	2	1	0	1	63.5391
0.459929	2	1	0	0	63.315
0.459929	2	1	0	1	63.5391
0.460929	2	1	0	0	63.315
0.460929	2	1	0	1	63.5391
0.461929	2	1	0	0	63.315
0.461929	2	1	0	1	63.5391
0.462929	2	1	0	0	63.315
0.462929	2	1	0	1	63.5391
0.463929	2	1	0	0	63.315
0.463929	2	1	0	1	63.5391
0.464929	2	1	0	0	63.315
0.464929	2	1	0	1	63.5391
0.465929	2	1	0	0	63.315
0.465929	2	1	0	1	63.5391
0.466929	2	1	0	0	63.315
0.466929	2	1	0	1	63.5391
0.467929	2	1	0	0	63.315
0.467929	2	1	0	1	63.5391
0.468929	2	1	0	0	63.315
0.468929	2	1	0	1	63.5391
0.469929	2	1	0	0	63.315
0.469929	2	1	0	1	63.5391
0.470929	2	1	0	0	63.315
0.470929	2	1	0	1	63.5391
0.471929	2	1	0	0	63.315
0.471929	2	1	0	1	63.5391
0.472929	2	1	0	0	63.315
0.472929	2	1	0	1	63.5391
0.473929	2	1	0	0	63.315
0.473929	2	1	0	1	63.5391
0.474929	2	1	0	0	63.315
0.474929	2	1	0	1	63.5391
0.475929	2	1	0	0	63.315
0.475929	2	1	0	1	63.5391
0.476929	2	1	0	0	63.315
0.476929	2	1	0	1	63.5391
0.477929	2	1	0	0	63.315
0.477929	2	1	0	1	63.5391
0.478857	2	1	0	0	63.315
0.478857	2	1	0	1	63.5391
0.479929	2	1	0	0	63.315
0.479929	2	1	0	1	63.5391
0.480929	2	1	0	0	63.315
0.480929	2	1	0	1	63.5391
0.481929	2	1	0	0	63.315
0.481929	2	1	0	1	63.5391
0.482929	2	1	0	0	63.315
0.482929	2	1	0	1	63.5391
0.483929	2	1	0	0	63.315
0.483929	2	1	0	1	63.5391
0.484929	2	1	0	0	63.315
0.484929	2	1	0	1	63.5391
0.485929	2	1	0	0	63.315
0.485929	2	1	0	1	63.5391
0.486929	2	1	0	0	63.315
0.486929	2	1	0	1	63.5391
0.487929	2	1	0	0	63.315
0.487929	2	1	0	1	63.5391
0.488929	2	1	0	0	63.315
0.488929	2	1	0	1	63.5391
0.489929	2	1	0	0	63.315
0.489929	2	1	0	1	63.5391
0.490929	2	1	0	0	63.315
0.490929	2	1	0	1	63.5391
0.491929	2	1	0	0	63.315
0.491929	2	1	0	1	63.5391
0.492929	2	1	0	0	63.315
0.492929	2	1	0	1	63.5391
0.493929	2	1	0	0	63.315
0.493929	2	1	0	1	63.5391
0.494929	2	1	0	0	63.315
0.494929	2	1	0	1	63.5391
0.495929	2	1	0	0	63.315
0.495929	2	1	0	1	63.5391
0.496929	2	1	0	0	63.315
0.496929	2	1	0	1	63.5391
0.497929	2	1	0	0	63.315
0.497929	2	1	0	1	63.5391
0.498929	2	1	0	0	63.315
0.498929	2	1	0	1	63.5391
0.499929	2	1	0	0	63.315
0.499929	2	1	0	1	63.5391
0.500929	2	1	0	0	63.315
0.500929	2	1	0	1	63.5391
0.501929	2	1	0	0	63.315
0.501929	2	1	0	1	63.5391
0.502929	2	1	0	0	63.315
0.502929	2	1	0	1	63.5391
0.503929	2	1	0	0	63.315
0.503929	2	1	0	1	63.5391
0.504929	2	1	0	0	63.315
0.504929	2	1	0	1	63.5391
0.505929	2	1	0	0	63.315
0.505929	2	1	0	1	63.5391
0.506929	2	1	0	0	63.315
0.506929	2	1	0	1	63.5391
0.507929	2	1	0	0	63.315
0.507929	2	1	0	1	63.5391
0.508929	2	1	0	0	63.315
0.508929	2	1	0	1	63.5391
0.509929	2	1	0	0	63.315
0.509929	2	1	0	1	63.5391
0.510929	2	1	0	0	63.315
0.510929	2	1	0	1	63.5391
0.511929	2	1	0	0	63.315
0.511929	2	1	0	1	63.5391
0.512929	2	1	0	0	63.315
0.512929	2	1	0	1	63.5391
0.513929	2	1	0	0	63.315
0.513929	2	1	0	1	63.5391
0.514929	2	1	0	0	63.315
0.514929	2	1	0	1	63.5391
0.515929	2	1	0	0	63.315
0.515929	2	1	0	1	63.5391
0.516929	2	1	0	0	62.1184
0.516929	2	1	0	1	61.9789
0.517929	2	1	0	0	62.1184
0.517929	2	1	0	1	61.9789
0.518929	2	1	0	0	62.1184
0.518929	2	1	0	1	61.9789
0.519929	2	1	0	0	62.1184
0.519929	2	1	0	1	61.9789
0.520929	2	1	0	0	62.1184
0.520929	2	1	0	1	61.9789
0.521929	2	1	0	0	62.1184
0.521929	2	1	0	1	61.9789
0.522929	2	1	0	0	62.1184
0.522929	2	1	0	1	61.9789
0.523929	2	1	0	0	62.1184
0.523929	2	1	0	1	61.9789
0.524929	2	1	0	0	62.1184
0.524929	2	1	0	1	61.9789
0.525929	2	1	0	0	62.1184
0.525929	2	1	0	1	61.9789
0.526929	2	1	0	0	62.1184
0.526929	2	1	0	1	61.9789
0.527929	2	1	0	0	62.1184
0.527929	2	1	0	1	61.9789
0.528929	2	1	0	0	62.1184
0.528929	2	1	0	1	61.9789
0.529929	2	1	0	0	62.1184
0.529929	2	1	0	1	61.9789
0.530929	2	1	0	0	62.1184
0.530929	2	1	0	1	61.9789
0.531929	2	1	0	0	62.1184
0.531929	2	1	0	1	61.9789
0.532929	2	1	0	0	62.1184
0.532929	2	1	0	1	61.9789
0.533929	2	1	0	0	62.1184
0.533929	2	1	0	1	61.9789
0.534929	2	1	0	0	62.1184
0.534929	2	1	0	1	61.9789
0.535929	2	1	0	0	62.1184
0.535929	2	1	0	1	61.9789
0.536929	2	1	0	0	62.1184
0.536929	2	1	0	1	61.9789
0.537929	2	1	0	0	62.1184
0.537929	2	1	0	1	61.9789
0.538929	2	1	0	0	62.1184
0.538929	2	1	0	1	61.9789
0.539929	2	1	0	0	62.1184
0.539929	2	1	0	1	61.9789
0.540929	2	1	0	0	62.1184
0.540929	2	1	0	1	61.9789
0.541929	2	1	0	0	62.1184
0.541929	2	1	0	1	61.9789
0.542929	2	1	0	0	62.1184
0.542929	2	1	0	1	61.9789
0.543929	2	1	0	0	62.1184
0.543929	2	1	0	1	61.9789
0.544929	2	1	0	0	62.1184
0.544929	2	1	0	1	61.9789
0.545929	2	1	0	0	62.1184
0.545929	2	1	0	1	61.9789
0.546929	2	1	0	0	62.1184
0.546929	2	1	0	1	61.9789
0.547929	2	1	0	0	62.1184
0.547929	2	1	0	1	61.9789
0.548929	2	1	0	0	62.1184
0.548929	2	1	0	1	61.9789
0.549929	2	1	0	0	62.1184
0.549929	2	1	0	1	61.9789
0.550929	2	1	0	0	62.1184
0.550929	2	1	0	1	61.9789
0.551929	2	1	0	0	62.1184
0.551929	2	1	0	1	61.9789
0.552929	2	1	0	0	62.1184
0.552929	2	1	0	1	61.9789
0.553929	2	1	0	0	62.1184
0.553929	2	1	0	1	61.9789
0.554929	2	1	0	0	62.1184
0.554929	2	1	0	1	61.9789
0.555929	2	1	0	0	62.1184
0.555929	2	1	0	1	61.9789
0.556929	2	1	0	0	62.1184
0.556929	2	1	0	1	61.9789
0.557929	2	1	0	0	62.1184
0.557929	2	1	0	1	61.9789
0.558857	2	1	0	0	62.1184
0.558857	2	1	0	1	61.9789
0.559929	2	1	0	0	62.1184
0.559929	2	1	0	1	61.9789
0.560929	2	1	0	0	62.1184
0.560929	2	1	0	1	61.9789
0.561929	2	1	0	0	62.1184
0.561929	2	1	0	1	61.9789
0.562929	2	1	0	0	62.1184
0.562929	2	1	0	1	61.9789
0.563929	2	1	0	0	62.1184
0.563929	2	1	0	1	61.9789
0.564929	2	1	0	0	62.1184
0.564929	2	1	0	1	61.9789
0.565929	2	1	0	0	62.1184
0.565929	2	1	0	1	61.9789
0.566929	2	1	0	0	62.1184
0.566929	2	1	0	1	61.9789
0.567929	2	1	0	0	62.1184
0.567929	2	1	0	1	61.9789
0.568929	2	1	0	0	62.1184
0.568929	2	1	0	1	61.9789
0.569929	2	1	0	0	62.1184
0.569929	2	1	0	1	61.9789
0.570929	2	1	0	0	62.1184
0.570929	2	1	0	1	61.9789
0.571929	2	1	0	0	62.1184
0.571929	2	1	0	1	61.9789
0.572929	2	1	0	0	62.1184
0.572929	2	1	0	1	61.9789
0.573929	2	1	0	0	62.1184
0.573929	2	1	0	1	61.9789
0.574929	2	1	0	0	62.1184
0.574929	2	1	0	1	61.9789
0.575929	2	1	0	0	62.1184
0.575929	2	1	0	1	61.9789
0.576929	2	1	0	0	62.1184
0.576929	2	1	0	1	61.9789
0.577929	2	1	0	0	62.1184
0.577929	2	1	0	1	61.9789
0.578929	2	1	0	0	62.1184
0.578929	2	1	0	1	61.9789
0.579929	2	1	0	0	62.1184
0.579929	2	1	0	1	61.9789
0.580929	2	1	0	0	62.1184
0.580929	2	1	0	1	61.9789
0.581929	2	1	0	0	62.1184
0.581929	2	1	0	1	61.9789
0.582929	2	1	0	0	62.1184
0.582929	2	1	0	1	61.9789
0.583929	2	1	0	0	62.1184
0.583929	2	1	0	1	61.9789
0.584929	2	1	0	0	62.1184
0.584929	2	1	0	1	61.9789
0.585929	2	1	0	0	62.1184
0.585929	2	1	0	1	61.9789
0.586929	2	1	0	0	62.1184
0.586929	2	1	0	1	61.9789
0.587929	2	1	0	0	62.1184
0.587929	2	1	0	1	61.9789
0.588929	2	1	0	0	62.1184
0.588929	2	1	0	1	61.9789
0.589929	2	1	0	0	62.1184
0.589929	2	1	0	1	61.9789
0.590929	2	1	0	0	62.1184
0.590929	2	1	0	1	61.9789
0.591929	2	1	0	0	62.1184
0.591929	2	1	0	1	61.9789
0.592929	2	1	0	0	62.1184
0.592929	2	1	0	1	61.9789
0.593929	2	1	0	0	62.1184
0.593929	2	1	0	1	61.9789
0.594929	2	1	0	0	62.1184
0.594929	2	1	0	1	61.9789
0.595929	2	1	0	0	62.1184
0.595929	2	1	0	1	61.9789
0.596929	2	1	0	0	62.1184
0.596929	2	1	0	1	61.9789
0.597929	2	1	0	0	62.1184
0.597929	2	1	0	1	61.9789
0.598929	2	1	0	0	62.1184
0.598929	2	1	0	1	61.9789
0.599929	2	1	0	0	62.1184
0.599929	2	1	0	1	61.9789
0.600929	2	1	0	0	62.1184
0.600929	2	1	0	1	61.9789
0.601929	2	1	0	0	62.1184
0.601929	2	1	0	1	61.9789
0.602929	2	1	0	0	62.1184
0.602929	2	1	0	1	61.9789
0.603929	2	1	0	0	62.1184
0.603929	2	1	0	1	61.9789
0.604929	2	1	0	0	62.1184
0.604929	2	1	0	1	61.9789
0.605929	2	1	0	0	62.1184
0.605929	2	1	0	1	61.9789
0.606929	2	1	0	0	62.1184
0.606929	2	1	0	1	61.9789
0.607929	2	1	0	0	62.1184
0.607929	2	1	0	1	61.9789
0.608929	2	1	0	0	62.1184
0.608929	2	1	0	1	61.9789
0.609929	2	1	0	0	62.1184
0.609929	2	1	0	1	61.9789
0.610929	2	1	0	0	62.1184
0.610929	2	1	0	1	61.9789
0.611929	2	1	0	0	62.1184
0.611929	2	1	0	1	61.9789
0.612929	2	1	0	0	62.1184
0.612929	2	1	0	1	61.9789
0.613929	2	1	0	0	62.1184
0.613929	2	1	0	1	61.9789
0.614929	2	1	0	0	62.1184
0.614929	2	1	0	1	61.9789
0.615929	2	1	0	0	62.1184
0.615929	2	1	0	1	61.9789
0.616929	2	1	0	0	64.2513
0.616929	2	1	0	1	64.1805
0.617929	2	1	0	0	64.2513
0.617929	2	1	0	1	64.1805
0.618929	2	1	0	0	64.2513
0.618929	2	1	0	1	64.1805
0.619929	2	1	0	0	64.2513
0.619929	2	1	0	1	64.1805
0.620929	2	1	0	0	64.2513
0.620929	2	1	0	1	64.1805
0.621929	2	1	0	0	64.2513
0.621929	2	1	0	1	64.1805
0.622929	2	1	0	0	64.2513
0.622929	2	1	0	1	64.1805
0.623929	2	1	0	0	64.2513
0.623929	2	1	0	1	64.1805
0.624929	2	1	0	0	64.2513
0.624929	2	1	0	1	64.1805
0.625929	2	1	0	0	64.2513
0.625929	2	1	0	1	64.1805
0.626929	2	1	0	0	64.2513
0.626929	2	1	0	1	64.1805
0.627929	2	1	0	0	64.2513
0.627929	2	1	0	1	64.1805
0.628929	2	1	0	0	64.2513
0.628929	2	1	0	1	64.1805
0.629929	2	1	0	0	64.2513
0.629929	2	1	0	1	64.1805
0.630929	2	1	0	0	64.2513
0.630929	2	1	0	1	64.1805
0.631929	2	1	0	0	64.2513
0.631929	2	1	0	1	64.1805
0.632929	2	1	0	0	64.2513
0.632929	2	1	0	1	64.1805
0.633929	2	1	0	0	64.2513
0.633929	2	1	0	1	64.1805
0.634929	2	1	0	0	64.2513
0.634929	2	1	0	1	64.1805
0.635929	2	1	0	0	64.2513
0.635929	2	1	0	1	64.1805
0.636929	2	1	0	0	64.2513
0.636929	2	1	0	1	64.1805
0.637929	2	1	0	0	64.2513
0.637929	2	1	0	1	64.1805
0.638857	2	1	0	0	64.2513
0.638857	2	1	0	1	64.1805
0.639929	2	1	0	0	64.2513
0.639929	2	1	0	1	64.1805
0.640929	2	1	0	0	64.2513
0.640929	2	1	0	1	64.1805
0.641929	2	1	0	0	64.2513
0.641929	2	1	0	1	64.1805
0.642929	2	1	0	0	64.2513
0.642929	2	1	0	1	64.1805
0.643929	2	1	0	0	64.2513
0.643929	2	1	0	1	64.1805
0.644929	2	1	0	0	64.2513
0.644929	2	1	0	1	64.1805
0.645929	2	1	0	0	64.2513
0.645929	2	1	0	1	64.1805
0.646929	2	1	0	0	64.2513
0.646929	2	1	0	1	64.1805
0.647929	2	1	0	0	64.2513
0.647929	2	1	0	1	64.1805
0.648929	2	1	0	0	64.2513
0.648929	2	1	0	1	64.1805
0.649929	2	1	0	0	64.2513
0.649929	2	1	0	1	64.1805
0.650929	2	1	0	0	64.2513
0.650929	2	1	0	1	64.1805
0.651929	2	1	0	0	64.2513
0.651929	2	1	0	1	64.1805
0.652929	2	1	0	0	64.2513
0.652929	2	1	0	1	64.1805
0.653929	2	1	0	0	64.2513
0.653929	2	1	0	1	64.1805
0.654929	2	1	0	0	64.2513
0.654929	2	1	0	1	64.1805
0.655929	2	1	0	0	64.2513
0.655929	2	1	0	1	64.1805
0.656929	2	1	0	0	64.2513
0.656929	2	1	0	1	64.1805
0.657929	2	1	0	0	64.2513
0.657929	2	1	0	1	64.1805
0.658929	2	1	0	0	64.2513
0.658929	2	1	0	1	64.1805
0.659929	2	1	0	0	64.2513
0.659929	2	1	0	1	64.1805
0.660929	2	1	0	0	64.2513
0.660929	2	1	0	1	64.1805
0.661929	2	1	0	0	64.2513
0.661929	2	1	0	1	64.1805
0.662929	2	1	0	0	64.2513
0.662929	2	1	0	1	64.1805
0.663929	2	1	0	0	64.2513
0.663929	2	1	0	1	64.1805
0.664929	2	1	0	0	64.2513
0.664929	2	1	0	1	64.1805
0.665929	2	1	0	0	64.2513
0.665929	2	1	0	1	64.1805
0.666929	2	1	0	0	64.2513
0.666929	2	1	0	1	64.1805
0.667929	2	1	0	0	64.2513
0.667929	2	1	0	1	64.1805
0.668929	2	1	0	0	64.2513
0.668929	2	1	0	1	64.1805
0.669929	2	1	0	0	64.2513
0.669929	2	1	0	1	64.1805
0.670929	2	1	0	0	64.2513
0.670929	2	1	0	1	64.1805
0.671929	2	1	0	0	64.2513
0.671929	2	1	0	1	64.1805
0.672929	2	1	0	0	64.2513
0.672929	2	1	0	1	64.1805
0.673929	2	1	0	0	64.2513
0.673929	2	1	0	1	64.1805
0.674929	2	1	0	0	64.2513
0.674929	2	1	0	1	64.1805
0.675929	2	1	0	0	64.2513
0.675929	2	1	0	1	64.1805
0.676929	2	1	0	0	64.2513
0.676929	2	1	0	1	64.1805
0.677929	2	1	0	0	64.2513
0.677929	2	1	0	1	64.1805
0.678929	2	1	0	0	64.2513
0.678929	2	1	0	1	64.1805
0.679929	2	1	0	0	64.2513
0.679929	2	1	0	1	64.1805
0.680929	2	1	0	0	64.2513
0.680929	2	1	0	1	64.1805
0.681929	2	1	0	0	64.2513
0.681929	2	1	0	1	64.1805
0.682929	2	1	0	0	64.2513
0.682929	2	1	0	1	64.1805
0.683929	2	1	0	0	64.2513
0.683929	2	1	0	1	64.1805
0.684929	2	1	0	0	64.2513
0.684929	2	1	0	1	64.1805
0.685929	2	1	0	0	64.2513
0.685929	2	1	0	1	64.1805
0.686929	2	1	0	0	64.2513
0.686929	2	1	0	1	64.1805
0.687929	2	1	0	0	64.2513
0.687929	2	1	0	1	64.1805
0.688929	2	1	0	0	64.2513
0.688929	2	1	0	1	64.1805
0.689929	2	1	0	0	64.2513
0.689929	2	1	0	1	64.1805
0.690929	2	1	0	0	64.2513
0.690929	2	1	0	1	64.1805
0.691929	2	1	0	0	64.2513
0.691929	2	1	0	1	64.1805
0.692929	2	1	0	0	64.2513
0.692929	2	1	0	1	64.1805
0.693929	2	1	0	0	64.2513
0.693929	2	1	0	1	64.1805
0.694929	2	1	0	0	64.2513
0.694929	2	1	0	1	64.1805
0.695929	2	1	0	0	64.2513
0.695929	2	1	0	1	64.1805
0.696929	2	1	0	0	64.2513
0.696929	2	1	0	1	64.1805
0.697929	2	1	0	0	64.2513
0.697929	2	1	0	1	64.1805
0.698929	2	1	0	0	64.2513
0.698929	2	1	0	1	64.1805
0.699929	2	1	0	0	64.2513
0.699929	2	1	0	1	64.1805
0.700929	2	1	0	0	64.2513
0.700929	2	1	0	1	64.1805
0.701929	2	1	0	0	64.2513
0.701929	2	1	0	1	64.1805
0.702929	2	1	0	0	64.2513
0.702929	2	1	0	1	64.1805
0.703929	2	1	0	0	64.2513
0.703929	2	1	0	1	64.1805
0.704929	2	1	0	0	64.2513
0.704929	2	1	0	1	64.1805
0.705929	2	1	0	0	64.2513
0.705929	2	1	0	1	64.1805
0.706929	2	1	0	0	64.2513
0.706929	2	1	0	1	64.1805
0.707929	2	1	0	0	64.2513
0.707929	2	1	0	1	64.1805
0.708929	2	1	0	0	64.2513
0.708929	2	1	0	1	64.1805
0.709929	2	1	0	0	64.2513
0.709929	2	1	0	1	64.1805
0.710929	2	1	0	0	64.2513
0.710929	2	1	0	1	64.1805
0.711929	2	1	0	0	64.2513
0.711929	2	1	0	1	64.1805
0.712929	2	1	0	0	64.2513
0.712929	2	1	0	1	64.1805
0.713929	2	1	0	0	64.2513
0.713929	2	1	0	1	64.1805
0.714929	2	1	0	0	64.2513
0.714929	2	1	0	1	64.1805
0.715929	2	1	0	0	64.2513
0.715929	2	1	0	1	64.1805
0.716929	2	1	0	0	64.1034
0.716929	2	1	0	1	64.1487
0.717929	2	1	0	0	64.1034
0.717929	2	1	0	1	64.1487
0.718857	2	1	0	0	64.1034
0.718857	2	1	0	1	64.1487
0.719929	2	1	0	0	64.1034
0.719929	2	1	0	1	64.1487
0.720929	2	1	0	0	64.1034
0.720929	2	1	0	1	64.1487
0.721929	2	1	0	0	64.1034
0.721929	2	1	0	1	64.1487
0.722929	2	1	0	0	64.1034
0.722929	2	1	0	1	64.1487
0.723929	2	1	0	0	64.1034
0.723929	2	1	0	1	64.1487
0.724929	2	1	0	0	64.1034
0.724929	2	1	0	1	64.1487
0.725929	2	1	0	0	64.1034
0.725929	2	1	0	1	64.1487
0.726929	2	1	0	0	64.1034
0.726929	2	1	0	1	64.1487
0.727929	2	1	0	0	64.1034
0.727929	2	1	0	1	64.1487
0.728929	2	1	0	0	64.1034
0.728929	2	1	0	1	64.1487
0.729929	2	1	0	0	64.1034
0.729929	2	1	0	1	64.1487
0.730929	2	1	0	0	64.1034
0.730929	2	1	0	1	64.1487
0.731929	2	1	0	0	64.1034
0.731929	2	1	0	1	64.1487
0.732929	2	1	0	0	64.1034
0.732929	2	1	0	1	64.1487
0.733929	2	1	0	0	64.1034
0.733929	2	1	0	1	64.1487
0.734929	2	1	0	0	64.1034
0.734929	2	1	0	1	64.1487
0.735929	2	1	0	0	64.1034
0.735929	2	1	0	1	64.1487
0.736929	2	1	0	0	64.1034
0.736929	2	1	0	1	64.1487
0.737929	2	1	0	0	64.1034
0.737929	2	1	0	1	64.1487
0.738929	2	1	0	0	64.1034
0.738929	2	1	0	1	64.1487
0.739929	2	1	0	0	64.1034
0.739929	2	1	0	1	64.1487
0.740929	2	1	0	0	64.1034
0.740929	2	1	0	1	64.1487
0.741929	2	1	0	0	64.1034
0.741929	2	1	0	1	64.1487
0.742929	2	1	0	0	64.1034
0.742929	2	1	0	1	64.1487
0.743929	2	1	0	0	64.1034
0.743929	2	1	0	1	64.1487
0.744929	2	1	0	0	64.1034
0.744929	2	1	0	1	64.1487
0.745929	2	1	0	0	64.1034
0.745929	2	1	0	1	64.1487
0.746929	2	1	0	0	64.1034
0.746929	2	1	0	1	64.1487
0.747929	2	1	0	0	64.1034
0.747929	2	1	0	1	64.1487
0.748929	2	1	0	0	64.1034
0.748929	2	1	0	1	64.1487
0.749929	2	1	0	0	64.1034
0.749929	2	1	0	1	64.1487
0.750929	2	1	0	0	64.1034
0.750929	2	1	0	1	64.1487
0.751929	2	1	0	0	64.1034
0.751929	2	1	0	1	64.1487
0.752929	2	1	0	0	64.1034
0.752929	2	1	0	1	64.1487
0.753929	2	1	0	0	64.1034
0.753929	2	1	0	1	64.1487
0.754929	2	1	0	0	64.1034
0.754929	2	1	0	1	64.1487
0.755929	2	1	0	0	64.1034
0.755929	2	1	0	1	64.1487
0.756929	2	1	0	0	64.1034
0.756929	2	1	0	1	64.1487
0.757929	2	1	0	0	64.1034
0.757929	2	1	0	1	64.1487
0.758929	2	1	0	0	64.1034
0.758929	2	1	0	1	64.1487
0.759929	2	1	0	0	64.1034
0.759929	2	1	0	1	64.1487
0.760929	2	1	0	0	64.1034
0.760929	2	1	0	1	64.1487
0.761929	2	1	0	0	64.1034
0.761929	2	1	0	1	64.1487
0.762929	2	1	0	0	64.1034
0.762929	2	1	0	1	64.1487
0.763929	2	1	0	0	64.1034
0.763929	2	1	0	1	64.1487
0.764929	2	1	0	0	64.1034
0.764929	2	1	0	1	64.1487
0.765929	2	1	0	0	64.1034
0.765929	2	1	0	1	64.1487
0.766929	2	1	0	0	64.1034
0.766929	2	1	0	1	64.1487
0.767929	2	1	0	0	64.1034
0.767929	2	1	0	1	64.1487
0.768929	2	1	0	0	64.1034
0.768929	2	1	0	1	64.1487
0.769929	2	1	0	0	64.1034
0.769929	2	1	0	1	64.1487
0.770929	2	1	0	0	64.1034
0.770929	2	1	0	1	64.1487
0.771929	2	1	0	0	64.1034
0.771929	2	1	0	1	64.1487
0.772929	2	1	0	0	64.1034
0.772929	2	1	0	1	64.1487
0.773929	2	1	0	0	64.1034
0.773929	2	1	0	1	64.1487
0.774929	2	1	0	0	64.1034
0.774929	2	1	0	1	64.1487
0.775929	2	1	0	0	64.1034
0.775929	2	1	0	1	64.1487
0.776929	2	1	0	0	64.1034
0.776929	2	1	0	1	64.1487
0.777929	2	1	0	0	64.1034
0.777929	2	1	0	1	64.1487
0.778929	2	1	0	0	64.1034
0.778929	2	1	0	1	64.1487
0.779929	2	1	0	0	64.1034
0.779929	2	1	0	1	64.1487
0.780929	2	1	0	0	64.1034
0.780929	2	1	0	1	64.1487
0.781929	2	1	0	0	64.1034
0.781929	2	1	0	1	64.1487
0.782929	2	1	0	0	64.1034
0.782929	2	1	0	1	64.1487
0.783929	2	1	0	0	64.1034
0.783929	2	1	0	1	64.1487
0.784929	2	1	0	0	64.1034
0.784929	2	1	0	1	64.1487
0.785929	2	1	0	0	64.1034
0.785929	2	1	0	1	64.1487
0.786929	2	1	0	0	64.1034
0.786929	2	1	0	1	64.1487
0.787929	2	1	0	0	64.1034
0.787929	2	1	0	1	64.1487
0.788929	2	1	0	0	64.1034
0.788929	2	1	0	1	64.1487
0.789929	2	1	0	0	64.1034
0.789929	2	1	0	1	64.1487
0.790929	2	1	0	0	64.1034
0.790929	2	1	0	1	64.1487
0.791929	2	1	0	0	64.1034
0.791929	2	1	0	1	64.1487
0.792929	2	1	0	0	64.1034
0.792929	2	1	0	1	64.1487
0.793929	2	1	0	0	64.1034
0.793929	2	1	0	1	64.1487
0.794929	2	1	0	0	64.1034
0.794929	2	1	0	1	64.1487
0.795929	2	1	0	0	64.1034
0.795929	2	1	0	1	64.1487
0.796929	2	1	0	0	64.1034
0.796929	2	1	0	1	64.1487
0.797929	2	1	0	0	64.1034
0.797929	2	1	0	1	64.1487
0.798857	2	1	0	0	64.1034
0.798857	2	1	0	1	64.1487
0.799929	2	1	0	0	64.1034
0.799929	2	1	0	1	64.1487
0.800929	2	1	0	0	64.1034
0.800929	2	1	0	1	64.1487
0.801929	2	1	0	0	64.1034
0.801929	2	1	0	1	64.1487
0.802929	2	1	0	0	64.1034
0.802929	2	1	0	1	64.1487
0.803929	2	1	0	0	64.1034
0.803929	2	1	0	1	64.1487
0.804929	2	1	0	0	64.1034
0.804929	2	1	0	1	64.1487
0.805929	2	1	0	0	64.1034
0.805929	2	1	0	1	64.1487
0.806929	2	1	0	0	64.1034
0.806929	2	1	0	1	64.1487
0.807929	2	1	0	0	64.1034
0.807929	2	1	0	1	64.1487
0.808929	2	1	0	0	64.1034
0.808929	2	1	0	1	64.1487
0.809929	2	1	0	0	64.1034
0.809929	2	1	0	1	64.1487
0.810929	2	1	0	0	64.1034
0.810929	2	1	0	1	64.1487
0.811929	2	1	0	0	64.1034
0.811929	2	1	0	1	64.1487
0.812929	2	1	0	0	64.1034
0.812929	2	1	0	1	64.1487
0.813929	2	1	0	0	64.1034
0.813929	2	1	0	1	64.1487
0.814929	2	1	0	0	64.1034
0.814929	2	1	0	1	64.1487
0.815929	2	1	0	0	64.1034
0.815929	2	1	0	1	64.1487
0.816929	2	1	0	0	64.1034
0.816929	2	1	0	1	64.1487
0.817929	2	1	0	0	63.6415
0.817929	2	1	0	1	63.3547
0.818929	2	1	0	0	63.6415
0.818929	2	1	0	1	63.3547
0.819929	2	1	0	0	63.6415
0.819929	2	1	0	1	63.3547
0.820929	2	1	0	0	63.6415
0.820929	2	1	0	1	63.3547
0.821929	2	1	0	0	63.6415
0.821929	2	1	0	1	63.3547
0.822929	2	1	0	0	63.6415
0.822929	2	1	0	1	63.3547
0.823929	2	1	0	0	63.6415
0.823929	2	1	0	1	63.3547
0.824929	2	1	0	0	63.6415
0.824929	2	1	0	1	63.3547
0.825929	2	1	0	0	63.6415
0.825929	2	1	0	1	63.3547
0.826929	2	1	0	0	63.6415
0.826929	2	1	0	1	63.3547
0.827929	2	1	0	0	63.6415
0.827929	2	1	0	1	63.3547
0.828929	2	1	0	0	63.6415
0.828929	2	1	0	1	63.3547
0.829929	2	1	0	0	63.6415
0.829929	2	1	0	1	63.3547
0.830929	2	1	0	0	63.6415
0.830929	2	1	0	1	63.3547
0.831929	2	1	0	0	63.6415
0.831929	2	1	0	1	63.3547
0.832929	2	1	0	0	63.6415
0.832929	2	1	0	1	63.3547
0.833929	2	1	0	0	63.6415
0.833929	2	1	0	1	63.3547
0.834929	2	1	0	0	63.6415
0.834929	2	1	0	1	63.3547
0.835929	2	1	0	0	63.6415
0.835929	2	1	0	1	63.3547
0.836929	2	1	0	0	63.6415
0.836929	2	1	0	1	63.3547
0.837929	2	1	0	0	63.6415
0.837929	2	1	0	1	63.3547
0.838929	2	1	0	0	63.6415
0.838929	2	1	0	1	63.3547
0.839929	2	1	0	0	63.6415
0.839929	2	1	0	1	63.3547
0.840929	2	1	0	0	63.6415
0.840929	2	1	0	1	63.3547
0.841929	2	1	0	0	63.6415
0.841929	2	1	0	1	63.3547
0.842929	2	1	0	0	63.6415
0.842929	2	1	0	1	63.3547
0.843929	2	1	0	0	63.6415
0.843929	2	1	0	1	63.3547
0.844929	2	1	0	0	63.6415
0.844929	2	1	0	1	63.3547
0.845929	2	1	0	0	63.6415
0.845929	2	1	0	1	63.3547
0.846929	2	1	0	0	63.6415
0.846929	2	1	0	1	63.3547
0.847929	2	1	0	0	63.6415
0.847929	2	1	0	1	63.3547
0.848929	2	1	0	0	63.6415
0.848929	2	1	0	1	63.3547
0.849929	2	1	0	0	63.6415
0.849929	2	1	0	1	63.3547
0.850929	2	1	0	0	63.6415
0.850929	2	1	0	1	63.3547
0.851929	2	1	0	0	63.6415
0.851929	2	1	0	1	63.3547
0.852929	2	1	0	0	63.6415
0.852929	2	1	0	1	63.3547
0.853929	2	1	0	0	63.6415
0.853929	2	1	0	1	63.3547
0.854929	2	1	0	0	63.6415
0.854929	2	1	0	1	63.3547
0.855929	2	1	0	0	63.6415
0.855929	2	1	0	1	63.3547
0.856929	2	1	0	0	63.6415
0.856929	2	1	0	1	63.3547
0.857929	2	1	0	0	63.6415
0.857929	2	1	0	1	63.3547
0.858929	2	1	0	0	63.6415
0.858929	2	1	0	1	63.3547
0.859929	2	1	0	0	63.6415
0.859929	2	1	0	1	63.3547
0.860929	2	1	0	0	63.6415
0.860929	2	1	0	1	63.3547
0.861929	2	1	0	0	63.6415
0.861929	2	1	0	1	63.3547
0.862929	2	1	0	0	63.6415
0.862929	2	1	0	1	63.3547
0.863929	2	1	0	0	63.6415
0.863929	2	1	0	1	63.3547
0.864929	2	1	0	0	63.6415
0.864929	2	1	0	1	63.3547
0.865929	2	1	0	0	63.6415
0.865929	2	1	0	1	63.3547
0.866929	2	1	0	0	63.6415
0.866929	2	1	0	1	63.3547
0.867929	2	1	0	0	63.6415
0.867929	2	1	0	1	63.3547
0.868929	2	1	0	0	63.6415
0.868929	2	1	0	1	63.3547
0.869929	2	1	0	0	63.6415
0.869929	2	1	0	1	63.3547
0.870929	2	1	0	0	63.6415
0.870929	2	1	0	1	63.3547
0.871929	2	1	0	0	63.6415
0.871929	2	1	0	1	63.3547
0.872929	2	1	0	0	63.6415
0.872929	2	1	0	1	63.3547
0.873929	2	1	0	0	63.6415
0.873929	2	1	0	1	63.3547
0.874929	2	1	0	0	63.6415
0.874929	2	1	0	1	63.3547
0.875929	2	1	0	0	63.6415
0.875929	2	1	0	1	63.3547
0.876929	2	1	0	0	63.6415
0.876929	2	1	0	1	63.3547
0.877929	2	1	0	0	63.6415
0.877929	2	1	0	1	63.3547
0.878857	2	1	0	0	63.6415
0.878857	2	1	0	1	63.3547
0.879929	2	1	0	0	63.6415
0.879929	2	1	0	1	63.3547
0.880929	2	1	0	0	63.6415
0.880929	2	1	0	1	63.3547
0.881929	2	1	0	0	63.6415
0.881929	2	1	0	1	63.3547
0.882929	2	1	0	0	63.6415
0.882929	2	1	0	1	63.3547
0.883929	2	1	0	0	63.6415
0.883929	2	1	0	1	63.3547
0.884929	2	1	0	0	63.6415
0.884929	2	1	0	1	63.3547
0.885929	2	1	0	0	63.6415
0.885929	2	1	0	1	63.3547
0.886929	2	1	0	0	63.6415
0.886929	2	1	0	1	63.3547
0.887929	2	1	0	0	63.6415
0.887929	2	1	0	1	63.3547
0.888929	2	1	0	0	63.6415
0.888929	2	1	0	1	63.3547
0.889929	2	1	0	0	63.6415
0.889929	2	1	0	1	63.3547
0.890929	2	1	0	0	63.6415
0.890929	2	1	0	1	63.3547
0.891929	2	1	0	0	63.6415
0.891929	2	1	0	1	63.3547
0.892929	2	1	0	0	63.6415
0.892929	2	1	0	1	63.3547
0.893929	2	1	0	0	63.6415
0.893929	2	1	0	1	63.3547
0.894929	2	1	0	0	63.6415
0.894929	2	1	0	1	63.3547
0.895929	2	1	0	0	63.6415
0.895929	2	1	0	1	63.3547
0.896929	2	1	0	0	63.6415
0.896929	2	1	0	1	63.3547
0.897929	2	1	0	0	63.6415
0.897929	2	1	0	1	63.3547
0.898929	2	1	0	0	63.6415
0.898929	2	1	0	1	63.3547
0.899929	2	1	0	0	63.6415
0.899929	2	1	0	1	63.3547
0.900929	2	1	0	0	63.6415
0.900929	2	1	0	1	63.3547
0.901929	2	1	0	0	63.6415
0.901929	2	1	0	1	63.3547
0.902929	2	1	0	0	63.6415
0.902929	2	1	0	1	63.3547
0.903929	2	1	0	0	63.6415
0.903929	2	1	0	1	63.3547
0.904929	2	1	0	0	63.6415
0.904929	2	1	0	1	63.3547
0.905929	2	1	0	0	63.6415
0.905929	2	1	0	1	63.3547
0.906929	2	1	0	0	63.6415
0.906929	2	1	0	1	63.3547
0.907929	2	1	0	0	63.6415
0.907929	2	1	0	1	63.3547
0.908929	2	1	0	0	63.6415
0.908929	2	1	0	1	63.3547
0.909929	2	1	0	0	63.6415
0.909929	2	1	0	1	63.3547
0.910929	2	1	0	0	63.6415
0.910929	2	1	0	1	63.3547
0.911929	2	1	0	0	63.6415
0.911929	2	1	0	1	63.3547
0.912929	2	1	0	0	63.6415
0.912929	2	1	0	1	63.3547
0.913929	2	1	0	0	63.6415
0.913929	2	1	0	1	63.3547
0.914929	2	1	0	0	63.6415
0.914929	2	1	0	1	63.3547
0.915929	2	1	0	0	63.6415
0.915929	2	1	0	1	63.3547
0.916929	2	1	0	0	63.6415
0.916929	2	1	0	1	63.3547
0.917929	2	1	0	0	64.1906
0.917929	2	1	0	1	63.8313
0.918929	2	1	0	0	64.1906
0.918929	2	1	0	1	63.8313
0.919929	2	1	0	0	64.1906
0.919929	2	1	0	1	63.8313
0.920929	2	1	0	0	64.1906
0.920929	2	1	0	1	63.8313
0.921929	2	1	0	0	64.1906
0.921929	2	1	0	1	63.8313
0.922929	2	1	0	0	64.1906
0.922929	2	1	0	1	63.8313
0.923929	2	1	0	0	64.1906
0.923929	2	1	0	1	63.8313
0.924929	2	1	0	0	64.1906
0.924929	2	1	0	1	63.8313
0.925929	2	1	0	0	64.1906
0.925929	2	1	0	1	63.8313
0.926929	2	1	0	0	64.1906
0.926929	2	1	0	1	63.8313
0.927929	2	1	0	0	64.1906
0.927929	2	1	0	1	63.8313
0.928929	2	1	0	0	64.1906
0.928929	2	1	0	1	63.8313
0.929929	2	1	0	0	64.1906
0.929929	2	1	0	1	63.8313
0.930929	2	1	0	0	64.1906
0.930929	2	1	0	1	63.8313
0.931929	2	1	0	0	64.1906
0.931929	2	1	0	1	63.8313
0.932929	2	1	0	0	64.1906
0.932929	2	1	0	1	63.8313
0.933929	2	1	0	0	64.1906
0.933929	2	1	0	1	63.8313
0.934929	2	1	0	0	64.1906
0.934929	2	1	0	1	63.8313
0.935929	2	1	0	0	64.1906
0.935929	2	1	0	1	63.8313
0.936929	2	1	0	0	64.1906
0.936929	2	1	0	1	63.8313
0.937929	2	1	0	0	64.1906
0.937929	2	1	0	1	63.8313
0.938929	2	1	0	0	64.1906
0.938929	2	1	0	1	63.8313
0.939929	2	1	0	0	64.1906
0.939929	2	1	0	1	63.8313
0.940929	2	1	0	0	64.1906
0.940929	2	1	0	1	63.8313
0.941929	2	1	0	0	64.1906
0.941929	2	1	0	1	63.8313
0.942929	2	1	0	0	64.1906
0.942929	2	1	0	1	63.8313
0.943929	2	1	0	0	64.1906
0.943929	2	1	0	1	63.8313
0.944929	2	1	0	0	64.1906
0.944929	2	1	0	1	63.8313
0.945929	2	1	0	0	64.1906
0.945929	2	1	0	1	63.8313
0.946929	2	1	0	0	64.1906
0.946929	2	1	0	1	63.8313
0.947929	2	1	0	0	64.1906
0.947929	2	1	0	1	63.8313
0.948929	2	1	0	0	64.1906
0.948929	2	1	0	1	63.8313
0.949929	2	1	0	0	64.1906
0.949929	2	1	0	1	63.8313
0.950929	2	1	0	0	64.1906
0.950929	2	1	0	1	63.8313
0.951929	2	1	0	0	64.1906
0.951929	2	1	0	1	63.8313
0.952929	2	1	0	0	64.1906
0.952929	2	1	0	1	63.8313
0.953929	2	1	0	0	64.1906
0.953929	2	1	0	1	63.8313
0.954929	2	1	0	0	64.1906
0.954929	2	1	0	1	63.8313
0.955929	2	1	0	0	64.1906
0.955929	2	1	0	1	63.8313
0.956929	2	1	0	0	64.1906
0.956929	2	1	0	1	63.8313
0.957929	2	1	0	0	64.1906
0.957929	2	1	0	1	63.8313
0.958857	2	1	0	0	64.1906
0.958857	2	1	0	1	63.8313
0.959929	2	1	0	0	64.1906
0.959929	2	1	0	1	63.8313
0.960929	2	1	0	0	64.1906
0.960929	2	1	0	1	63.8313
0.961929	2	1	0	0	64.1906
0.961929	2	1	0	1	63.8313
0.962929	2	1	0	0	64.1906
0.962929	2	1	0	1	63.8313
0.963929	2	1	0	0	64.1906
0.963929	2	1	0	1	63.8313
0.964929	2	1	0	0	64.1906
0.964929	2	1	0	1	63.8313
0.965929	2	1	0	0	64.1906
0.965929	2	1	0	1	63.8313
0.966929	2	1	0	0	64.1906
0.966929	2	1	0	1	63.8313
0.967929	2	1	0	0	64.1906
0.967929	2	1	0	1	63.8313
0.968929	2	1	0	0	64.1906
0.968929	2	1	0	1	63.8313
0.969929	2	1	0	0	64.1906
0.969929	2	1	0	1	63.8313
0.970929	2	1	0	0	64.1906
0.970929	2	1	0	1	63.8313
0.971929	2	1	0	0	64.1906
0.971929	2	1	0	1	63.8313
0.972929	2	1	0	0	64.1906
0.972929	2	1	0	1	63.8313
0.973929	2	1	0	0	64.1906
0.973929	2	1	0	1	63.8313
0.974929	2	1	0	0	64.1906
0.974929	2	1	0	1	63.8313
0.975929	2	1	0	0	64.1906
0.975929	2	1	0	1	63.8313
0.976929	2	1	0	0	64.1906
0.976929	2	1	0	1	63.8313
0.977929	2	1	0	0	64.1906
0.977929	2	1	0	1	63.8313
0.978929	2	1	0	0	64.1906
0.978929	2	1	0	1	63.8313
0.979929	2	1	0	0	64.1906
0.979929	2	1	0	1	63.8313
0.980929	2	1	0	0	64.1906
0.980929	2	1	0	1	63.8313
0.981929	2	1	0	0	64.1906
0.981929	2	1	0	1	63.8313
0.982929	2	1	0	0	64.1906
0.982929	2	1	0	1	63.8313
0.983929	2	1	0	0	64.1906
0.983929	2	1	0	1	63.8313
0.984929	2	1	0	0	64.1906
0.984929	2	1	0	1	63.8313
0.985929	2	1	0	0	64.1906
0.985929	2	1	0	1	63.8313
0.986929	2	1	0	0	64.1906
0.986929	2	1	0	1	63.8313
0.987929	2	1	0	0	64.1906
0.987929	2	1	0	1	63.8313
0.988929	2	1	0	0	64.1906
0.988929	2	1	0	1	63.8313
0.989929	2	1	0	0	64.1906
0.989929	2	1	0	1	63.8313
0.990929	2	1	0	0	64.1906
0.990929	2	1	0	1	63.8313
0.991929	2	1	0	0	64.1906
0.991929	2	1	0	1	63.8313
0.992929	2	1	0	0	64.1906
0.992929	2	1	0	1	63.8313
0.993929	2	1	0	0	64.1906
0.993929	2	1	0	1	63.8313
0.994929	2	1	0	0	64.1906
0.994929	2	1	0	1	63.8313
0.995929	2	1	0	0	64.1906
0.995929	2	1	0	1	63.8313
0.996929	2	1	0	0	64.1906
0.996929	2	1	0	1	63.8313
0.997929	2	1	0	0	64.1906
0.997929	2	1	0	1	63.8313
0.998929	2	1	0	0	64.1906
0.998929	2	1	0	1	63.8313
0.999929	2	1	0	0	64.1906
0.999929	2	1	0	1	63.8313
