time(s)	cellId	rnti	lcid	packetSize	delay(s)
0.404029	2	1	4	413	0.00302856
0.405029	2	1	4	413	0.00302856
0.406029	2	1	4	413	0.00302856
0.407029	2	1	4	413	0.00302856
0.408029	2	1	4	413	0.00302856
0.409029	2	1	4	413	0.00302856
0.410029	2	1	4	12973	0.00302856
0.410029	2	1	4	413	0.00302856
0.411029	2	1	4	12973	0.00302856
0.411029	2	1	4	413	0.00302856
0.412029	2	1	4	12973	0.00302856
0.412029	2	1	4	413	0.00302856
0.413029	2	1	4	12973	0.00302856
0.413029	2	1	4	413	0.00302856
0.414029	2	1	4	12973	0.00302856
0.414029	2	1	4	413	0.00302856
0.415029	2	1	4	12973	0.00302856
0.415029	2	1	4	413	0.00302856
0.416029	2	1	4	12973	0.00302856
0.416029	2	1	4	12973	0.00302856
0.417029	2	1	4	12973	0.00302856
0.417029	2	1	4	12973	0.00302856
0.418029	2	1	4	12973	0.00302856
0.418029	2	1	4	12973	0.00302856
0.419029	2	1	4	12973	0.00302856
0.419029	2	1	4	12973	0.00302856
0.420029	2	1	4	12973	0.00302856
0.420029	2	1	4	12973	0.00302856
0.421029	2	1	4	12973	0.00302856
0.421029	2	1	4	12973	0.00302856
0.422029	2	1	4	12973	0.00302856
0.422029	2	1	4	12973	0.00302856
0.423029	2	1	4	12973	0.00302856
0.423029	2	1	4	12973	0.00302856
0.424029	2	1	4	12973	0.00302856
0.424029	2	1	4	12973	0.00302856
0.425029	2	1	4	12973	0.00302856
0.425029	2	1	4	12973	0.00302856
0.426029	2	1	4	12973	0.00302856
0.426029	2	1	4	12973	0.00302856
0.427029	2	1	4	12973	0.00302856
0.427029	2	1	4	12973	0.00302856
0.428029	2	1	4	12973	0.00302856
0.428029	2	1	4	12973	0.00302856
0.429029	2	1	4	12973	0.00302856
0.429029	2	1	4	12973	0.00302856
0.430029	2	1	4	12973	0.00302856
0.430029	2	1	4	12973	0.00302856
0.431029	2	1	4	12973	0.00302856
0.431029	2	1	4	12973	0.00302856
0.432029	2	1	4	12973	0.00302856
0.432029	2	1	4	12973	0.00302856
0.433029	2	1	4	12973	0.00302856
0.433029	2	1	4	12973	0.00302856
0.434029	2	1	4	12973	0.00302856
0.434029	2	1	4	12973	0.00302856
0.435029	2	1	4	12973	0.00302856
0.435029	2	1	4	12973	0.00302856
0.436029	2	1	4	12973	0.00302856
0.436029	2	1	4	12973	0.00302856
0.437029	2	1	4	12973	0.00302856
0.437029	2	1	4	12973	0.00302856
0.438029	2	1	4	12973	0.00302856
0.438029	2	1	4	12973	0.00302856
0.439029	2	1	4	12973	0.00302856
0.439029	2	1	4	12973	0.00302856
0.440029	2	1	4	12973	0.00302856
0.440029	2	1	4	12973	0.00302856
0.441029	2	1	4	12973	0.00302856
0.441029	2	1	4	12973	0.00302856
0.442029	2	1	4	12973	0.00302856
0.442029	2	1	4	12973	0.00302856
0.443029	2	1	4	12973	0.00302856
0.443029	2	1	4	12973	0.00302856
0.444029	2	1	4	12973	0.00302856
0.444029	2	1	4	12973	0.00302856
0.445029	2	1	4	12973	0.00302856
0.445029	2	1	4	12973	0.00302856
0.446029	2	1	4	12973	0.00302856
0.446029	2	1	4	12973	0.00302856
0.447029	2	1	4	12973	0.00302856
0.447029	2	1	4	12973	0.00302856
0.448029	2	1	4	12973	0.00302856
0.448029	2	1	4	12973	0.00302856
0.449029	2	1	4	12973	0.00302856
0.449029	2	1	4	12973	0.00302856
0.450029	2	1	4	12973	0.00302856
0.450029	2	1	4	12973	0.00302856
0.451029	2	1	4	12973	0.00302856
0.451029	2	1	4	12973	0.00302856
0.452029	2	1	4	12973	0.00302856
0.452029	2	1	4	12973	0.00302856
0.453029	2	1	4	12973	0.00302856
0.453029	2	1	4	12973	0.00302856
0.454029	2	1	4	12973	0.00302856
0.454029	2	1	4	12973	0.00302856
0.455029	2	1	4	12973	0.00302856
0.455029	2	1	4	12973	0.00302856
0.456029	2	1	4	12973	0.00302856
0.456029	2	1	4	12973	0.00302856
0.457029	2	1	4	12973	0.00302856
0.457029	2	1	4	12973	0.00302856
0.458029	2	1	4	12973	0.00302856
0.458029	2	1	4	12973	0.00302856
0.459029	2	1	4	12973	0.00302856
0.459029	2	1	4	12973	0.00302856
0.460029	2	1	4	12973	0.00302856
0.460029	2	1	4	12973	0.00302856
0.461029	2	1	4	12973	0.00302856
0.461029	2	1	4	12973	0.00302856
0.462029	2	1	4	12973	0.00302856
0.462029	2	1	4	12973	0.00302856
0.463029	2	1	4	12973	0.00302856
0.463029	2	1	4	12973	0.00302856
0.464029	2	1	4	12973	0.00302856
0.464029	2	1	4	12973	0.00302856
0.465029	2	1	4	12973	0.00302856
0.465029	2	1	4	12973	0.00302856
0.466029	2	1	4	12973	0.00302856
0.466029	2	1	4	12973	0.00302856
0.467029	2	1	4	12973	0.00302856
0.467029	2	1	4	12973	0.00302856
0.468029	2	1	4	12973	0.00302856
0.468029	2	1	4	12973	0.00302856
0.469029	2	1	4	12973	0.00302856
0.469029	2	1	4	12973	0.00302856
0.470029	2	1	4	12973	0.00302856
0.470029	2	1	4	12973	0.00302856
0.471029	2	1	4	12973	0.00302856
0.471029	2	1	4	12973	0.00302856
0.472029	2	1	4	12973	0.00302856
0.472029	2	1	4	12973	0.00302856
0.473029	2	1	4	12973	0.00302856
0.473029	2	1	4	12973	0.00302856
0.474029	2	1	4	12973	0.00302856
0.474029	2	1	4	12973	0.00302856
0.475029	2	1	4	12973	0.00302856
0.475029	2	1	4	12973	0.00302856
0.476029	2	1	4	12973	0.00302856
0.476029	2	1	4	12973	0.00302856
0.477029	2	1	4	12973	0.00302856
0.477029	2	1	4	12973	0.00302856
0.478029	2	1	4	12973	0.00302856
0.478029	2	1	4	12973	0.00302856
0.478957	2	1	4	11892	0.00295714
0.478957	2	1	4	11892	0.00295714
0.480029	2	1	4	12973	0.00302856
0.480029	2	1	4	12973	0.00302856
0.481029	2	1	4	12973	0.00302856
0.481029	2	1	4	12973	0.00302856
0.482029	2	1	4	12973	0.00302856
0.482029	2	1	4	12973	0.00302856
0.483029	2	1	4	12973	0.00302856
0.483029	2	1	4	12973	0.00302856
0.484029	2	1	4	12973	0.00302856
0.484029	2	1	4	12973	0.00302856
0.485029	2	1	4	12973	0.00302856
0.485029	2	1	4	12973	0.00302856
0.486029	2	1	4	12973	0.00302856
0.486029	2	1	4	12973	0.00302856
0.487029	2	1	4	12973	0.00302856
0.487029	2	1	4	12973	0.00302856
0.488029	2	1	4	12973	0.00302856
0.488029	2	1	4	12973	0.00302856
0.489029	2	1	4	12973	0.00302856
0.489029	2	1	4	12973	0.00302856
0.490029	2	1	4	12973	0.00302856
0.490029	2	1	4	12973	0.00302856
0.491029	2	1	4	12973	0.00302856
0.491029	2	1	4	12973	0.00302856
0.492029	2	1	4	12973	0.00302856
0.492029	2	1	4	12973	0.00302856
0.493029	2	1	4	12973	0.00302856
0.493029	2	1	4	12973	0.00302856
0.494029	2	1	4	12973	0.00302856
0.494029	2	1	4	12973	0.00302856
0.495029	2	1	4	12973	0.00302856
0.495029	2	1	4	12973	0.00302856
0.496029	2	1	4	12973	0.00302856
0.496029	2	1	4	12973	0.00302856
0.497029	2	1	4	12973	0.00302856
0.497029	2	1	4	12973	0.00302856
0.498029	2	1	4	12973	0.00302856
0.498029	2	1	4	12973	0.00302856
0.499029	2	1	4	12973	0.00302856
0.499029	2	1	4	12973	0.00302856
0.500029	2	1	4	12973	0.00302856
0.500029	2	1	4	12973	0.00302856
0.501029	2	1	4	12973	0.00302856
0.501029	2	1	4	12973	0.00302856
0.502029	2	1	4	12973	0.00302856
0.502029	2	1	4	12973	0.00302856
0.503029	2	1	4	12973	0.00302856
0.503029	2	1	4	12973	0.00302856
0.504029	2	1	4	12973	0.00302856
0.504029	2	1	4	12973	0.00302856
0.505029	2	1	4	12973	0.00302856
0.505029	2	1	4	12973	0.00302856
0.506029	2	1	4	12973	0.00302856
0.506029	2	1	4	12973	0.00302856
0.507029	2	1	4	12973	0.00302856
0.507029	2	1	4	12973	0.00302856
0.508029	2	1	4	12973	0.00302856
0.508029	2	1	4	12973	0.00302856
0.509029	2	1	4	12973	0.00302856
0.509029	2	1	4	12973	0.00302856
0.510029	2	1	4	12973	0.00302856
0.510029	2	1	4	12973	0.00302856
0.511029	2	1	4	12973	0.00302856
0.511029	2	1	4	12973	0.00302856
0.512029	2	1	4	12973	0.00302856
0.512029	2	1	4	12973	0.00302856
0.513029	2	1	4	12973	0.00302856
0.513029	2	1	4	12973	0.00302856
0.514029	2	1	4	12973	0.00302856
0.514029	2	1	4	12973	0.00302856
0.515029	2	1	4	12973	0.00302856
0.515029	2	1	4	12973	0.00302856
0.516029	2	1	4	12973	0.00302856
0.516029	2	1	4	12973	0.00302856
0.517029	2	1	4	12973	0.00302856
0.517029	2	1	4	12973	0.00302856
0.518029	2	1	4	12973	0.00302856
0.518029	2	1	4	12973	0.00302856
0.519029	2	1	4	12973	0.00302856
0.519029	2	1	4	12973	0.00302856
0.520029	2	1	4	12973	0.00302856
0.520029	2	1	4	12973	0.00302856
0.521029	2	1	4	12973	0.00302856
0.521029	2	1	4	12973	0.00302856
0.522029	2	1	4	12973	0.00302856
0.522029	2	1	4	12973	0.00302856
0.523029	2	1	4	12973	0.00302856
0.523029	2	1	4	12973	0.00302856
0.524029	2	1	4	12973	0.00302856
0.524029	2	1	4	12973	0.00302856
0.525029	2	1	4	12973	0.00302856
0.525029	2	1	4	12973	0.00302856
0.526029	2	1	4	12973	0.00302856
0.526029	2	1	4	12973	0.00302856
0.527029	2	1	4	12973	0.00302856
0.527029	2	1	4	12973	0.00302856
0.528029	2	1	4	12973	0.00302856
0.528029	2	1	4	12973	0.00302856
0.529029	2	1	4	12973	0.00302856
0.529029	2	1	4	12973	0.00302856
0.530029	2	1	4	12973	0.00302856
0.530029	2	1	4	12973	0.00302856
0.531029	2	1	4	12973	0.00302856
0.531029	2	1	4	12973	0.00302856
0.532029	2	1	4	12973	0.00302856
0.532029	2	1	4	12973	0.00302856
0.533029	2	1	4	12973	0.00302856
0.533029	2	1	4	12973	0.00302856
0.534029	2	1	4	12973	0.00302856
0.534029	2	1	4	12973	0.00302856
0.535029	2	1	4	12973	0.00302856
0.535029	2	1	4	12973	0.00302856
0.536029	2	1	4	12973	0.00302856
0.536029	2	1	4	12973	0.00302856
0.537029	2	1	4	12973	0.00302856
0.537029	2	1	4	12973	0.00302856
0.538029	2	1	4	12973	0.00302856
0.538029	2	1	4	12973	0.00302856
0.539029	2	1	4	12973	0.00302856
0.539029	2	1	4	12973	0.00302856
0.540029	2	1	4	12973	0.00302856
0.540029	2	1	4	12973	0.00302856
0.541029	2	1	4	12973	0.00302856
0.541029	2	1	4	12973	0.00302856
0.542029	2	1	4	12973	0.00302856
0.542029	2	1	4	12973	0.00302856
0.543029	2	1	4	12973	0.00302856
0.543029	2	1	4	12973	0.00302856
0.544029	2	1	4	12973	0.00302856
0.544029	2	1	4	12973	0.00302856
0.545029	2	1	4	12973	0.00302856
0.545029	2	1	4	12973	0.00302856
0.546029	2	1	4	12973	0.00302856
0.546029	2	1	4	12973	0.00302856
0.547029	2	1	4	12973	0.00302856
0.547029	2	1	4	12973	0.00302856
0.548029	2	1	4	12973	0.00302856
0.548029	2	1	4	12973	0.00302856
0.549029	2	1	4	12973	0.00302856
0.549029	2	1	4	12973	0.00302856
0.550029	2	1	4	12973	0.00302856
0.550029	2	1	4	12973	0.00302856
0.551029	2	1	4	12973	0.00302856
0.551029	2	1	4	12973	0.00302856
0.552029	2	1	4	12971	0.00302856
0.552029	2	1	4	12973	0.00302856
0.553029	2	1	4	12973	0.00302856
0.553029	2	1	4	12973	0.00302856
0.554029	2	1	4	12973	0.00302856
0.554029	2	1	4	12973	0.00302856
0.555029	2	1	4	12973	0.00302856
0.555029	2	1	4	12973	0.00302856
0.556029	2	1	4	12973	0.00302856
0.556029	2	1	4	12973	0.00302856
0.557029	2	1	4	12973	0.00302856
0.557029	2	1	4	12973	0.00302856
0.558029	2	1	4	12973	0.00302856
0.558029	2	1	4	12973	0.00302856
0.558957	2	1	4	11892	0.00295714
0.558957	2	1	4	11892	0.00295714
0.560029	2	1	4	12973	0.00302856
0.560029	2	1	4	12973	0.00302856
0.561029	2	1	4	12973	0.00302856
0.561029	2	1	4	12973	0.00302856
0.562029	2	1	4	12973	0.00302856
0.562029	2	1	4	12973	0.00302856
0.563029	2	1	4	12973	0.00302856
0.563029	2	1	4	12973	0.00302856
0.564029	2	1	4	12973	0.00302856
0.564029	2	1	4	12973	0.00302856
0.565029	2	1	4	12973	0.00302856
0.565029	2	1	4	12973	0.00302856
0.566029	2	1	4	12973	0.00302856
0.566029	2	1	4	12973	0.00302856
0.567029	2	1	4	12973	0.00302856
0.567029	2	1	4	12973	0.00302856
0.568029	2	1	4	12973	0.00302856
0.568029	2	1	4	12973	0.00302856
0.569029	2	1	4	12973	0.00302856
0.569029	2	1	4	12973	0.00302856
0.570029	2	1	4	12973	0.00302856
0.570029	2	1	4	12973	0.00302856
0.571029	2	1	4	12973	0.00302856
0.571029	2	1	4	12973	0.00302856
0.572029	2	1	4	12973	0.00302856
0.572029	2	1	4	12973	0.00302856
0.573029	2	1	4	12973	0.00302856
0.573029	2	1	4	12973	0.00302856
0.574029	2	1	4	12973	0.00302856
0.574029	2	1	4	12973	0.00302856
0.575029	2	1	4	12973	0.00302856
0.575029	2	1	4	12973	0.00302856
0.576029	2	1	4	12973	0.00302856
0.576029	2	1	4	12973	0.00302856
0.577029	2	1	4	12973	0.00302856
0.577029	2	1	4	12973	0.00302856
0.578029	2	1	4	12973	0.00302856
0.578029	2	1	4	12973	0.00302856
0.579029	2	1	4	12973	0.00302856
0.579029	2	1	4	12973	0.00302856
0.580029	2	1	4	12973	0.00302856
0.580029	2	1	4	12973	0.00302856
0.581029	2	1	4	12973	0.00302856
0.581029	2	1	4	12973	0.00302856
0.582029	2	1	4	12973	0.00302856
0.582029	2	1	4	12973	0.00302856
0.583029	2	1	4	12973	0.00302856
0.583029	2	1	4	12973	0.00302856
0.584029	2	1	4	12973	0.00302856
0.584029	2	1	4	12973	0.00302856
0.585029	2	1	4	12973	0.00302856
0.585029	2	1	4	12973	0.00302856
0.586029	2	1	4	12973	0.00302856
0.586029	2	1	4	12973	0.00302856
0.587029	2	1	4	12973	0.00302856
0.587029	2	1	4	12973	0.00302856
0.588029	2	1	4	12973	0.00302856
0.588029	2	1	4	12973	0.00302856
0.589029	2	1	4	12973	0.00302856
0.589029	2	1	4	12971	0.00302856
0.590029	2	1	4	12973	0.00302856
0.590029	2	1	4	12973	0.00302856
0.591029	2	1	4	12973	0.00302856
0.591029	2	1	4	12973	0.00302856
0.592029	2	1	4	12973	0.00302856
0.592029	2	1	4	12973	0.00302856
0.593029	2	1	4	12973	0.00302856
0.593029	2	1	4	12973	0.00302856
0.594029	2	1	4	12973	0.00302856
0.594029	2	1	4	12973	0.00302856
0.595029	2	1	4	12973	0.00302856
0.595029	2	1	4	12973	0.00302856
0.596029	2	1	4	12973	0.00302856
0.596029	2	1	4	12973	0.00302856
0.597029	2	1	4	12973	0.00302856
0.597029	2	1	4	12973	0.00302856
0.598029	2	1	4	12973	0.00302856
0.598029	2	1	4	12973	0.00302856
0.599029	2	1	4	12973	0.00302856
0.599029	2	1	4	12973	0.00302856
0.600029	2	1	4	12973	0.00302856
0.600029	2	1	4	12973	0.00302856
0.601029	2	1	4	12973	0.00302856
0.601029	2	1	4	12973	0.00302856
0.602029	2	1	4	12973	0.00302856
0.602029	2	1	4	12973	0.00302856
0.603029	2	1	4	12973	0.00302856
0.603029	2	1	4	12973	0.00302856
0.604029	2	1	4	12973	0.00302856
0.604029	2	1	4	12973	0.00302856
0.605029	2	1	4	12973	0.00302856
0.605029	2	1	4	12973	0.00302856
0.606029	2	1	4	12973	0.00302856
0.606029	2	1	4	12973	0.00302856
0.607029	2	1	4	12973	0.00302856
0.607029	2	1	4	12973	0.00302856
0.608029	2	1	4	12973	0.00302856
0.608029	2	1	4	12973	0.00302856
0.609029	2	1	4	12973	0.00302856
0.609029	2	1	4	12973	0.00302856
0.610029	2	1	4	12973	0.00302856
0.610029	2	1	4	12973	0.00302856
0.611029	2	1	4	12973	0.00302856
0.611029	2	1	4	12973	0.00302856
0.612029	2	1	4	12973	0.00302856
0.612029	2	1	4	12973	0.00302856
0.613029	2	1	4	12973	0.00302856
0.613029	2	1	4	12973	0.00302856
0.614029	2	1	4	12973	0.00302856
0.614029	2	1	4	12973	0.00302856
0.615029	2	1	4	12973	0.00302856
0.615029	2	1	4	12973	0.00302856
0.616029	2	1	4	12973	0.00302856
0.616029	2	1	4	12973	0.00302856
0.617029	2	1	4	12973	0.00302856
0.617029	2	1	4	12973	0.00302856
0.618029	2	1	4	12973	0.00302856
0.618029	2	1	4	12973	0.00302856
0.619029	2	1	4	12973	0.00302856
0.619029	2	1	4	12973	0.00302856
0.620029	2	1	4	12973	0.00302856
0.620029	2	1	4	12973	0.00302856
0.621029	2	1	4	12973	0.00302856
0.621029	2	1	4	12973	0.00302856
0.622029	2	1	4	12973	0.00302856
0.622029	2	1	4	12973	0.00302856
0.623029	2	1	4	12973	0.00302856
0.623029	2	1	4	12973	0.00302856
0.624029	2	1	4	12973	0.00302856
0.624029	2	1	4	12973	0.00302856
0.625029	2	1	4	12973	0.00302856
0.625029	2	1	4	12973	0.00302856
0.626029	2	1	4	12973	0.00302856
0.626029	2	1	4	12973	0.00302856
0.627029	2	1	4	12973	0.00302856
0.627029	2	1	4	12973	0.00302856
0.628029	2	1	4	12973	0.00302856
0.628029	2	1	4	12973	0.00302856
0.629029	2	1	4	12973	0.00302856
0.629029	2	1	4	12973	0.00302856
0.630029	2	1	4	12973	0.00302856
0.630029	2	1	4	12973	0.00302856
0.631029	2	1	4	12973	0.00302856
0.631029	2	1	4	12973	0.00302856
0.632029	2	1	4	12973	0.00302856
0.632029	2	1	4	12973	0.00302856
0.633029	2	1	4	12973	0.00302856
0.633029	2	1	4	12973	0.00302856
0.634029	2	1	4	12973	0.00302856
0.634029	2	1	4	12973	0.00302856
0.635029	2	1	4	12973	0.00302856
0.635029	2	1	4	12973	0.00302856
0.636029	2	1	4	12973	0.00302856
0.636029	2	1	4	12973	0.00302856
0.637029	2	1	4	12973	0.00302856
0.637029	2	1	4	12973	0.00302856
0.638029	2	1	4	12973	0.00302856
0.638029	2	1	4	12973	0.00302856
0.638957	2	1	4	11892	0.00295714
0.638957	2	1	4	11892	0.00295714
0.640029	2	1	4	12973	0.00302856
0.640029	2	1	4	12973	0.00302856
0.641029	2	1	4	12973	0.00302856
0.641029	2	1	4	12973	0.00302856
0.642029	2	1	4	12973	0.00302856
0.642029	2	1	4	12973	0.00302856
0.643029	2	1	4	12973	0.00302856
0.643029	2	1	4	12973	0.00302856
0.644029	2	1	4	12973	0.00302856
0.644029	2	1	4	12973	0.00302856
0.645029	2	1	4	12973	0.00302856
0.645029	2	1	4	12973	0.00302856
0.646029	2	1	4	12973	0.00302856
0.646029	2	1	4	12973	0.00302856
0.647029	2	1	4	12973	0.00302856
0.647029	2	1	4	12973	0.00302856
0.648029	2	1	4	12973	0.00302856
0.648029	2	1	4	12973	0.00302856
0.649029	2	1	4	12973	0.00302856
0.649029	2	1	4	12973	0.00302856
0.650029	2	1	4	12973	0.00302856
0.650029	2	1	4	12973	0.00302856
0.651029	2	1	4	12973	0.00302856
0.651029	2	1	4	12973	0.00302856
0.652029	2	1	4	12973	0.00302856
0.652029	2	1	4	12973	0.00302856
0.653029	2	1	4	12973	0.00302856
0.653029	2	1	4	12973	0.00302856
0.654029	2	1	4	12973	0.00302856
0.654029	2	1	4	12973	0.00302856
0.655029	2	1	4	12973	0.00302856
0.655029	2	1	4	12973	0.00302856
0.656029	2	1	4	12973	0.00302856
0.656029	2	1	4	12973	0.00302856
0.657029	2	1	4	12973	0.00302856
0.657029	2	1	4	12973	0.00302856
0.658029	2	1	4	12973	0.00302856
0.658029	2	1	4	12973	0.00302856
0.659029	2	1	4	12973	0.00302856
0.659029	2	1	4	12973	0.00302856
0.660029	2	1	4	12973	0.00302856
0.660029	2	1	4	12973	0.00302856
0.661029	2	1	4	12973	0.00302856
0.661029	2	1	4	12973	0.00302856
0.662029	2	1	4	12973	0.00302856
0.662029	2	1	4	12973	0.00302856
0.663029	2	1	4	12973	0.00302856
0.663029	2	1	4	12973	0.00302856
0.664029	2	1	4	12973	0.00302856
0.664029	2	1	4	12973	0.00302856
0.665029	2	1	4	12973	0.00302856
0.665029	2	1	4	12973	0.00302856
0.666029	2	1	4	12973	0.00302856
0.666029	2	1	4	12973	0.00302856
0.667029	2	1	4	12973	0.00302856
0.667029	2	1	4	12973	0.00302856
0.668029	2	1	4	12973	0.00302856
0.668029	2	1	4	12973	0.00302856
0.669029	2	1	4	12973	0.00302856
0.669029	2	1	4	12973	0.00302856
0.670029	2	1	4	12973	0.00302856
0.670029	2	1	4	12973	0.00302856
0.671029	2	1	4	12973	0.00302856
0.671029	2	1	4	12973	0.00302856
0.672029	2	1	4	12973	0.00302856
0.672029	2	1	4	12973	0.00302856
0.673029	2	1	4	12973	0.00302856
0.673029	2	1	4	12973	0.00302856
0.674029	2	1	4	12973	0.00302856
0.674029	2	1	4	12973	0.00302856
0.675029	2	1	4	12973	0.00302856
0.675029	2	1	4	12973	0.00302856
0.676029	2	1	4	12973	0.00302856
0.676029	2	1	4	12973	0.00302856
0.677029	2	1	4	12973	0.00302856
0.677029	2	1	4	12973	0.00302856
0.678029	2	1	4	12973	0.00302856
0.678029	2	1	4	12973	0.00302856
0.679029	2	1	4	12973	0.00302856
0.679029	2	1	4	12973	0.00302856
0.680029	2	1	4	12973	0.00302856
0.680029	2	1	4	12973	0.00302856
0.681029	2	1	4	12973	0.00302856
0.681029	2	1	4	12973	0.00302856
0.682029	2	1	4	12973	0.00302856
0.682029	2	1	4	12973	0.00302856
0.683029	2	1	4	12973	0.00302856
0.683029	2	1	4	12973	0.00302856
0.684029	2	1	4	12973	0.00302856
0.684029	2	1	4	12973	0.00302856
0.685029	2	1	4	12973	0.00302856
0.685029	2	1	4	12973	0.00302856
0.686029	2	1	4	12973	0.00302856
0.686029	2	1	4	12973	0.00302856
0.687029	2	1	4	12973	0.00302856
0.687029	2	1	4	12973	0.00302856
0.688029	2	1	4	12973	0.00302856
0.688029	2	1	4	12973	0.00302856
0.689029	2	1	4	12973	0.00302856
0.689029	2	1	4	12973	0.00302856
0.690029	2	1	4	12973	0.00302856
0.690029	2	1	4	12973	0.00302856
0.691029	2	1	4	12973	0.00302856
0.691029	2	1	4	12973	0.00302856
0.692029	2	1	4	12973	0.00302856
0.692029	2	1	4	12973	0.00302856
0.693029	2	1	4	12973	0.00302856
0.693029	2	1	4	12973	0.00302856
0.694029	2	1	4	12973	0.00302856
0.694029	2	1	4	12973	0.00302856
0.695029	2	1	4	12973	0.00302856
0.695029	2	1	4	12973	0.00302856
0.696029	2	1	4	12973	0.00302856
0.696029	2	1	4	12973	0.00302856
0.697029	2	1	4	12973	0.00302856
0.697029	2	1	4	12973	0.00302856
0.698029	2	1	4	12973	0.00302856
0.698029	2	1	4	12973	0.00302856
0.699029	2	1	4	12973	0.00302856
0.699029	2	1	4	12973	0.00302856
0.700029	2	1	4	12973	0.00302856
0.700029	2	1	4	12973	0.00302856
0.701029	2	1	4	12973	0.00302856
0.701029	2	1	4	12973	0.00302856
0.702029	2	1	4	12973	0.00302856
0.702029	2	1	4	12973	0.00302856
0.703029	2	1	4	12973	0.00302856
0.703029	2	1	4	12973	0.00302856
0.704029	2	1	4	12973	0.00302856
0.704029	2	1	4	12973	0.00302856
0.705029	2	1	4	12973	0.00302856
0.705029	2	1	4	12973	0.00302856
0.706029	2	1	4	12973	0.00302856
0.706029	2	1	4	12973	0.00302856
0.707029	2	1	4	12973	0.00302856
0.707029	2	1	4	12973	0.00302856
0.708029	2	1	4	12973	0.00302856
0.708029	2	1	4	12973	0.00302856
0.709029	2	1	4	12973	0.00302856
0.709029	2	1	4	12973	0.00302856
0.710029	2	1	4	12973	0.00302856
0.710029	2	1	4	12973	0.00302856
0.711029	2	1	4	12973	0.00302856
0.711029	2	1	4	12973	0.00302856
0.712029	2	1	4	12973	0.00302856
0.712029	2	1	4	12973	0.00302856
0.713029	2	1	4	12973	0.00302856
0.713029	2	1	4	12973	0.00302856
0.714029	2	1	4	12973	0.00302856
0.714029	2	1	4	12973	0.00302856
0.715029	2	1	4	12973	0.00302856
0.715029	2	1	4	12973	0.00302856
0.716029	2	1	4	12973	0.00302856
0.716029	2	1	4	12973	0.00302856
0.717029	2	1	4	12973	0.00302856
0.717029	2	1	4	12973	0.00302856
0.718029	2	1	4	12973	0.00302856
0.718029	2	1	4	12973	0.00302856
0.718957	2	1	4	11892	0.00295714
0.718957	2	1	4	11892	0.00295714
0.720029	2	1	4	12973	0.00302856
0.720029	2	1	4	12973	0.00302856
0.721029	2	1	4	12973	0.00302856
0.721029	2	1	4	12973	0.00302856
0.722029	2	1	4	12973	0.00302856
0.722029	2	1	4	12973	0.00302856
0.723029	2	1	4	12973	0.00302856
0.723029	2	1	4	12973	0.00302856
0.724029	2	1	4	12973	0.00302856
0.724029	2	1	4	12973	0.00302856
0.725029	2	1	4	12973	0.00302856
0.725029	2	1	4	12973	0.00302856
0.726029	2	1	4	12973	0.00302856
0.726029	2	1	4	12973	0.00302856
0.727029	2	1	4	12973	0.00302856
0.727029	2	1	4	12973	0.00302856
0.728029	2	1	4	12973	0.00302856
0.728029	2	1	4	12973	0.00302856
0.729029	2	1	4	12973	0.00302856
0.729029	2	1	4	12973	0.00302856
0.730029	2	1	4	12973	0.00302856
0.730029	2	1	4	12973	0.00302856
0.731029	2	1	4	12973	0.00302856
0.731029	2	1	4	12971	0.00302856
0.732029	2	1	4	12973	0.00302856
0.732029	2	1	4	12973	0.00302856
0.733029	2	1	4	12973	0.00302856
0.733029	2	1	4	12973	0.00302856
0.734029	2	1	4	12973	0.00302856
0.734029	2	1	4	12973	0.00302856
0.735029	2	1	4	12973	0.00302856
0.735029	2	1	4	12973	0.00302856
0.736029	2	1	4	12973	0.00302856
0.736029	2	1	4	12973	0.00302856
0.737029	2	1	4	12973	0.00302856
0.737029	2	1	4	12973	0.00302856
0.738029	2	1	4	12973	0.00302856
0.738029	2	1	4	12973	0.00302856
0.739029	2	1	4	12973	0.00302856
0.739029	2	1	4	12973	0.00302856
0.740029	2	1	4	12973	0.00302856
0.740029	2	1	4	12973	0.00302856
0.741029	2	1	4	12973	0.00302856
0.741029	2	1	4	12973	0.00302856
0.742029	2	1	4	12973	0.00302856
0.742029	2	1	4	12973	0.00302856
0.743029	2	1	4	12973	0.00302856
0.743029	2	1	4	12973	0.00302856
0.744029	2	1	4	12973	0.00302856
0.744029	2	1	4	12973	0.00302856
0.745029	2	1	4	12973	0.00302856
0.745029	2	1	4	12973	0.00302856
0.746029	2	1	4	12973	0.00302856
0.746029	2	1	4	12973	0.00302856
0.747029	2	1	4	12973	0.00302856
0.747029	2	1	4	12973	0.00302856
0.748029	2	1	4	12973	0.00302856
0.748029	2	1	4	12973	0.00302856
0.749029	2	1	4	12973	0.00302856
0.749029	2	1	4	12973	0.00302856
0.750029	2	1	4	12973	0.00302856
0.750029	2	1	4	12973	0.00302856
0.751029	2	1	4	12973	0.00302856
0.751029	2	1	4	12973	0.00302856
0.752029	2	1	4	12973	0.00302856
0.752029	2	1	4	12973	0.00302856
0.753029	2	1	4	12973	0.00302856
0.753029	2	1	4	12973	0.00302856
0.754029	2	1	4	12973	0.00302856
0.754029	2	1	4	12973	0.00302856
0.755029	2	1	4	12973	0.00302856
0.755029	2	1	4	12973	0.00302856
0.756029	2	1	4	12973	0.00302856
0.756029	2	1	4	12973	0.00302856
0.757029	2	1	4	12973	0.00302856
0.757029	2	1	4	12973	0.00302856
0.758029	2	1	4	12973	0.00302856
0.758029	2	1	4	12973	0.00302856
0.759029	2	1	4	12973	0.00302856
0.759029	2	1	4	12973	0.00302856
0.760029	2	1	4	12973	0.00302856
0.760029	2	1	4	12973	0.00302856
0.761029	2	1	4	12973	0.00302856
0.761029	2	1	4	12973	0.00302856
0.762029	2	1	4	12973	0.00302856
0.762029	2	1	4	12973	0.00302856
0.763029	2	1	4	12973	0.00302856
0.763029	2	1	4	12973	0.00302856
0.764029	2	1	4	12973	0.00302856
0.764029	2	1	4	12973	0.00302856
0.765029	2	1	4	12973	0.00302856
0.765029	2	1	4	12973	0.00302856
0.766029	2	1	4	12973	0.00302856
0.766029	2	1	4	12973	0.00302856
0.767029	2	1	4	12973	0.00302856
0.767029	2	1	4	12973	0.00302856
0.768029	2	1	4	12973	0.00302856
0.768029	2	1	4	12973	0.00302856
0.769029	2	1	4	12973	0.00302856
0.769029	2	1	4	12973	0.00302856
0.770029	2	1	4	12973	0.00302856
0.770029	2	1	4	12973	0.00302856
0.771029	2	1	4	12973	0.00302856
0.771029	2	1	4	12973	0.00302856
0.772029	2	1	4	12973	0.00302856
0.772029	2	1	4	12973	0.00302856
0.773029	2	1	4	12973	0.00302856
0.773029	2	1	4	12973	0.00302856
0.774029	2	1	4	12973	0.00302856
0.774029	2	1	4	12973	0.00302856
0.775029	2	1	4	12973	0.00302856
0.775029	2	1	4	12973	0.00302856
0.776029	2	1	4	12973	0.00302856
0.776029	2	1	4	12973	0.00302856
0.777029	2	1	4	12973	0.00302856
0.777029	2	1	4	12973	0.00302856
0.778029	2	1	4	12973	0.00302856
0.778029	2	1	4	12973	0.00302856
0.779029	2	1	4	12973	0.00302856
0.779029	2	1	4	12973	0.00302856
0.780029	2	1	4	12973	0.00302856
0.780029	2	1	4	12973	0.00302856
0.781029	2	1	4	12973	0.00302856
0.781029	2	1	4	12973	0.00302856
0.782029	2	1	4	12973	0.00302856
0.782029	2	1	4	12973	0.00302856
0.783029	2	1	4	12973	0.00302856
0.783029	2	1	4	12973	0.00302856
0.784029	2	1	4	12973	0.00302856
0.784029	2	1	4	12973	0.00302856
0.785029	2	1	4	12973	0.00302856
0.785029	2	1	4	12973	0.00302856
0.786029	2	1	4	12973	0.00302856
0.786029	2	1	4	12973	0.00302856
0.787029	2	1	4	12973	0.00302856
0.787029	2	1	4	12973	0.00302856
0.788029	2	1	4	12973	0.00302856
0.788029	2	1	4	12973	0.00302856
0.789029	2	1	4	12973	0.00302856
0.789029	2	1	4	12973	0.00302856
0.790029	2	1	4	12973	0.00302856
0.790029	2	1	4	12973	0.00302856
0.791029	2	1	4	12973	0.00302856
0.791029	2	1	4	12973	0.00302856
0.792029	2	1	4	12973	0.00302856
0.792029	2	1	4	12973	0.00302856
0.793029	2	1	4	12973	0.00302856
0.793029	2	1	4	12973	0.00302856
0.794029	2	1	4	12973	0.00302856
0.794029	2	1	4	12973	0.00302856
0.795029	2	1	4	12973	0.00302856
0.795029	2	1	4	12973	0.00302856
0.796029	2	1	4	12973	0.00302856
0.796029	2	1	4	12973	0.00302856
0.797029	2	1	4	12973	0.00302856
0.797029	2	1	4	12973	0.00302856
0.798029	2	1	4	12973	0.00302856
0.798029	2	1	4	12973	0.00302856
0.798957	2	1	4	11892	0.00295714
0.798957	2	1	4	11892	0.00295714
0.800029	2	1	4	12973	0.00302856
0.800029	2	1	4	12973	0.00302856
0.801029	2	1	4	12973	0.00302856
0.801029	2	1	4	12973	0.00302856
0.802029	2	1	4	12973	0.00302856
0.802029	2	1	4	12973	0.00302856
0.803029	2	1	4	12973	0.00302856
0.803029	2	1	4	12973	0.00302856
0.804029	2	1	4	12973	0.00302856
0.804029	2	1	4	12973	0.00302856
0.805029	2	1	4	12973	0.00302856
0.805029	2	1	4	12973	0.00302856
0.806029	2	1	4	12973	0.00302856
0.806029	2	1	4	12973	0.00302856
0.807029	2	1	4	12973	0.00302856
0.807029	2	1	4	12973	0.00302856
0.808029	2	1	4	12973	0.00302856
0.808029	2	1	4	12973	0.00302856
0.809029	2	1	4	12973	0.00302856
0.809029	2	1	4	12973	0.00302856
0.810029	2	1	4	12973	0.00302856
0.810029	2	1	4	12973	0.00302856
0.811029	2	1	4	12973	0.00302856
0.811029	2	1	4	12973	0.00302856
0.812029	2	1	4	12973	0.00302856
0.812029	2	1	4	12973	0.00302856
0.813029	2	1	4	12973	0.00302856
0.813029	2	1	4	12973	0.00302856
0.814029	2	1	4	12973	0.00302856
0.814029	2	1	4	12973	0.00302856
0.815029	2	1	4	12973	0.00302856
0.815029	2	1	4	12973	0.00302856
0.816029	2	1	4	12973	0.00302856
0.816029	2	1	4	12973	0.00302856
0.817029	2	1	4	12973	0.00302856
0.817029	2	1	4	12973	0.00302856
0.818029	2	1	4	12973	0.00302856
0.818029	2	1	4	12973	0.00302856
0.819029	2	1	4	12973	0.00302856
0.819029	2	1	4	12973	0.00302856
0.820029	2	1	4	12973	0.00302856
0.820029	2	1	4	12973	0.00302856
0.821029	2	1	4	12973	0.00302856
0.821029	2	1	4	12973	0.00302856
0.822029	2	1	4	12973	0.00302856
0.822029	2	1	4	12973	0.00302856
0.823029	2	1	4	12973	0.00302856
0.823029	2	1	4	12973	0.00302856
0.824029	2	1	4	12973	0.00302856
0.824029	2	1	4	12973	0.00302856
0.825029	2	1	4	12973	0.00302856
0.825029	2	1	4	12973	0.00302856
0.826029	2	1	4	12973	0.00302856
0.826029	2	1	4	12973	0.00302856
0.827029	2	1	4	12973	0.00302856
0.827029	2	1	4	12973	0.00302856
0.828029	2	1	4	12973	0.00302856
0.828029	2	1	4	12973	0.00302856
0.829029	2	1	4	12973	0.00302856
0.829029	2	1	4	12973	0.00302856
0.830029	2	1	4	12973	0.00302856
0.830029	2	1	4	12973	0.00302856
0.831029	2	1	4	12973	0.00302856
0.831029	2	1	4	12973	0.00302856
0.832029	2	1	4	12973	0.00302856
0.832029	2	1	4	12973	0.00302856
0.833029	2	1	4	12973	0.00302856
0.833029	2	1	4	12973	0.00302856
0.834029	2	1	4	12973	0.00302856
0.834029	2	1	4	12973	0.00302856
0.835029	2	1	4	12973	0.00302856
0.835029	2	1	4	12973	0.00302856
0.836029	2	1	4	12971	0.00302856
0.836029	2	1	4	12973	0.00302856
0.837029	2	1	4	12973	0.00302856
0.837029	2	1	4	12973	0.00302856
0.838029	2	1	4	12973	0.00302856
0.838029	2	1	4	12973	0.00302856
0.839029	2	1	4	12973	0.00302856
0.839029	2	1	4	12973	0.00302856
0.840029	2	1	4	12973	0.00302856
0.840029	2	1	4	12973	0.00302856
0.841029	2	1	4	12973	0.00302856
0.841029	2	1	4	12973	0.00302856
0.842029	2	1	4	12973	0.00302856
0.842029	2	1	4	12973	0.00302856
0.843029	2	1	4	12973	0.00302856
0.843029	2	1	4	12973	0.00302856
0.844029	2	1	4	12973	0.00302856
0.844029	2	1	4	12973	0.00302856
0.845029	2	1	4	12973	0.00302856
0.845029	2	1	4	12973	0.00302856
0.846029	2	1	4	12973	0.00302856
0.846029	2	1	4	12973	0.00302856
0.847029	2	1	4	12973	0.00302856
0.847029	2	1	4	12973	0.00302856
0.848029	2	1	4	12973	0.00302856
0.848029	2	1	4	12973	0.00302856
0.849029	2	1	4	12973	0.00302856
0.849029	2	1	4	12973	0.00302856
0.850029	2	1	4	12973	0.00302856
0.850029	2	1	4	12973	0.00302856
0.851029	2	1	4	12973	0.00302856
0.851029	2	1	4	12973	0.00302856
0.852029	2	1	4	12973	0.00302856
0.852029	2	1	4	12973	0.00302856
0.853029	2	1	4	12973	0.00302856
0.853029	2	1	4	12973	0.00302856
0.854029	2	1	4	12973	0.00302856
0.854029	2	1	4	12973	0.00302856
0.855029	2	1	4	12973	0.00302856
0.855029	2	1	4	12973	0.00302856
0.856029	2	1	4	12973	0.00302856
0.856029	2	1	4	12973	0.00302856
0.857029	2	1	4	12973	0.00302856
0.857029	2	1	4	12973	0.00302856
0.858029	2	1	4	12973	0.00302856
0.858029	2	1	4	12973	0.00302856
0.859029	2	1	4	12973	0.00302856
0.859029	2	1	4	12973	0.00302856
0.860029	2	1	4	12973	0.00302856
0.860029	2	1	4	12973	0.00302856
0.861029	2	1	4	12973	0.00302856
0.861029	2	1	4	12973	0.00302856
0.862029	2	1	4	12973	0.00302856
0.862029	2	1	4	12973	0.00302856
0.863029	2	1	4	12973	0.00302856
0.863029	2	1	4	12973	0.00302856
0.864029	2	1	4	12973	0.00302856
0.864029	2	1	4	12973	0.00302856
0.865029	2	1	4	12973	0.00302856
0.865029	2	1	4	12973	0.00302856
0.866029	2	1	4	12973	0.00302856
0.866029	2	1	4	12973	0.00302856
0.867029	2	1	4	12973	0.00302856
0.867029	2	1	4	12973	0.00302856
0.868029	2	1	4	12973	0.00302856
0.868029	2	1	4	12973	0.00302856
0.869029	2	1	4	12973	0.00302856
0.869029	2	1	4	12973	0.00302856
0.870029	2	1	4	12973	0.00302856
0.870029	2	1	4	12973	0.00302856
0.871029	2	1	4	12973	0.00302856
0.871029	2	1	4	12973	0.00302856
0.872029	2	1	4	12973	0.00302856
0.872029	2	1	4	12973	0.00302856
0.873029	2	1	4	12973	0.00302856
0.873029	2	1	4	12973	0.00302856
0.874029	2	1	4	12973	0.00302856
0.874029	2	1	4	12973	0.00302856
0.875029	2	1	4	12973	0.00302856
0.875029	2	1	4	12973	0.00302856
0.876029	2	1	4	12973	0.00302856
0.876029	2	1	4	12973	0.00302856
0.877029	2	1	4	12973	0.00302856
0.877029	2	1	4	12973	0.00302856
0.878029	2	1	4	12973	0.00302856
0.878029	2	1	4	12973	0.00302856
0.878957	2	1	4	11892	0.00295714
0.878957	2	1	4	11892	0.00295714
0.880029	2	1	4	12973	0.00302856
0.880029	2	1	4	12973	0.00302856
0.881029	2	1	4	12973	0.00302856
0.881029	2	1	4	12973	0.00302856
0.882029	2	1	4	12973	0.00302856
0.882029	2	1	4	12973	0.00302856
0.883029	2	1	4	12973	0.00302856
0.883029	2	1	4	12973	0.00302856
0.884029	2	1	4	12973	0.00302856
0.884029	2	1	4	12973	0.00302856
0.885029	2	1	4	12973	0.00302856
0.885029	2	1	4	12973	0.00302856
0.886029	2	1	4	12973	0.00302856
0.886029	2	1	4	12973	0.00302856
0.887029	2	1	4	12973	0.00302856
0.887029	2	1	4	12973	0.00302856
0.888029	2	1	4	12973	0.00302856
0.888029	2	1	4	12973	0.00302856
0.889029	2	1	4	12973	0.00302856
0.889029	2	1	4	12973	0.00302856
0.890029	2	1	4	12973	0.00302856
0.890029	2	1	4	12973	0.00302856
0.891029	2	1	4	12973	0.00302856
0.891029	2	1	4	12973	0.00302856
0.892029	2	1	4	12973	0.00302856
0.892029	2	1	4	12973	0.00302856
0.893029	2	1	4	12973	0.00302856
0.893029	2	1	4	12973	0.00302856
0.894029	2	1	4	12973	0.00302856
0.894029	2	1	4	12973	0.00302856
0.895029	2	1	4	12973	0.00302856
0.895029	2	1	4	12973	0.00302856
0.896029	2	1	4	12973	0.00302856
0.896029	2	1	4	12973	0.00302856
0.897029	2	1	4	12973	0.00302856
0.897029	2	1	4	12973	0.00302856
0.898029	2	1	4	12973	0.00302856
0.898029	2	1	4	12973	0.00302856
0.899029	2	1	4	12973	0.00302856
0.899029	2	1	4	12973	0.00302856
0.900029	2	1	4	12973	0.00302856
0.900029	2	1	4	12973	0.00302856
0.901029	2	1	4	12973	0.00302856
0.901029	2	1	4	12973	0.00302856
0.902029	2	1	4	12973	0.00302856
0.902029	2	1	4	12973	0.00302856
0.903029	2	1	4	12973	0.00302856
0.903029	2	1	4	12973	0.00302856
0.904029	2	1	4	12973	0.00302856
0.904029	2	1	4	12973	0.00302856
0.905029	2	1	4	12973	0.00302856
0.905029	2	1	4	12973	0.00302856
0.906029	2	1	4	12973	0.00302856
0.906029	2	1	4	12973	0.00302856
0.907029	2	1	4	12973	0.00302856
0.907029	2	1	4	12973	0.00302856
0.908029	2	1	4	12973	0.00302856
0.908029	2	1	4	12973	0.00302856
0.909029	2	1	4	12973	0.00302856
0.909029	2	1	4	12973	0.00302856
0.910029	2	1	4	12973	0.00302856
0.910029	2	1	4	12973	0.00302856
0.911029	2	1	4	12973	0.00302856
0.911029	2	1	4	12973	0.00302856
0.912029	2	1	4	12973	0.00302856
0.912029	2	1	4	12973	0.00302856
0.913029	2	1	4	12973	0.00302856
0.913029	2	1	4	12973	0.00302856
0.914029	2	1	4	12973	0.00302856
0.914029	2	1	4	12973	0.00302856
0.915029	2	1	4	12973	0.00302856
0.915029	2	1	4	12973	0.00302856
0.916029	2	1	4	12973	0.00302856
0.916029	2	1	4	12973	0.00302856
0.917029	2	1	4	12973	0.00302856
0.917029	2	1	4	12973	0.00302856
0.918029	2	1	4	12973	0.00302856
0.918029	2	1	4	12973	0.00302856
0.919029	2	1	4	12973	0.00302856
0.919029	2	1	4	12973	0.00302856
0.920029	2	1	4	12973	0.00302856
0.920029	2	1	4	12973	0.00302856
0.921029	2	1	4	12973	0.00302856
0.921029	2	1	4	12973	0.00302856
0.922029	2	1	4	12973	0.00302856
0.922029	2	1	4	12973	0.00302856
0.923029	2	1	4	12973	0.00302856
0.923029	2	1	4	12973	0.00302856
0.924029	2	1	4	12973	0.00302856
0.924029	2	1	4	12973	0.00302856
0.925029	2	1	4	12973	0.00302856
0.925029	2	1	4	12973	0.00302856
0.926029	2	1	4	12973	0.00302856
0.926029	2	1	4	12973	0.00302856
0.927029	2	1	4	12973	0.00302856
0.927029	2	1	4	12973	0.00302856
0.928029	2	1	4	12973	0.00302856
0.928029	2	1	4	12973	0.00302856
0.929029	2	1	4	12973	0.00302856
0.929029	2	1	4	12973	0.00302856
0.930029	2	1	4	12973	0.00302856
0.930029	2	1	4	12973	0.00302856
0.931029	2	1	4	12973	0.00302856
0.931029	2	1	4	12973	0.00302856
0.932029	2	1	4	12973	0.00302856
0.932029	2	1	4	12973	0.00302856
0.933029	2	1	4	12973	0.00302856
0.933029	2	1	4	12973	0.00302856
0.934029	2	1	4	12973	0.00302856
0.934029	2	1	4	12973	0.00302856
0.935029	2	1	4	12973	0.00302856
0.935029	2	1	4	12973	0.00302856
0.936029	2	1	4	12973	0.00302856
0.936029	2	1	4	12973	0.00302856
0.937029	2	1	4	12973	0.00302856
0.937029	2	1	4	12973	0.00302856
0.938029	2	1	4	12973	0.00302856
0.938029	2	1	4	12973	0.00302856
0.939029	2	1	4	12973	0.00302856
0.939029	2	1	4	12973	0.00302856
0.940029	2	1	4	12973	0.00302856
0.940029	2	1	4	12973	0.00302856
0.941029	2	1	4	12973	0.00302856
0.941029	2	1	4	12973	0.00302856
0.942029	2	1	4	12973	0.00302856
0.942029	2	1	4	12973	0.00302856
0.943029	2	1	4	12973	0.00302856
0.943029	2	1	4	12973	0.00302856
0.944029	2	1	4	12973	0.00302856
0.944029	2	1	4	12973	0.00302856
0.945029	2	1	4	12973	0.00302856
0.945029	2	1	4	12973	0.00302856
0.946029	2	1	4	12973	0.00302856
0.946029	2	1	4	12973	0.00302856
0.947029	2	1	4	12973	0.00302856
0.947029	2	1	4	12973	0.00302856
0.948029	2	1	4	12973	0.00302856
0.948029	2	1	4	12973	0.00302856
0.949029	2	1	4	12973	0.00302856
0.949029	2	1	4	12973	0.00302856
0.950029	2	1	4	12973	0.00302856
0.950029	2	1	4	12973	0.00302856
0.951029	2	1	4	12973	0.00302856
0.951029	2	1	4	12973	0.00302856
0.952029	2	1	4	12973	0.00302856
0.952029	2	1	4	12973	0.00302856
0.953029	2	1	4	12973	0.00302856
0.953029	2	1	4	12973	0.00302856
0.954029	2	1	4	12973	0.00302856
0.954029	2	1	4	12973	0.00302856
0.955029	2	1	4	12973	0.00302856
0.955029	2	1	4	12973	0.00302856
0.956029	2	1	4	12973	0.00302856
0.956029	2	1	4	12973	0.00302856
0.957029	2	1	4	12973	0.00302856
0.957029	2	1	4	12973	0.00302856
0.958029	2	1	4	12973	0.00302856
0.958029	2	1	4	12973	0.00302856
0.958957	2	1	4	11892	0.00295714
0.958957	2	1	4	11892	0.00295714
0.960029	2	1	4	12973	0.00302856
0.960029	2	1	4	12973	0.00302856
0.961029	2	1	4	12973	0.00302856
0.961029	2	1	4	12973	0.00302856
0.962029	2	1	4	12973	0.00302856
0.962029	2	1	4	12973	0.00302856
0.963029	2	1	4	12973	0.00302856
0.963029	2	1	4	12973	0.00302856
0.964029	2	1	4	12973	0.00302856
0.964029	2	1	4	12973	0.00302856
0.965029	2	1	4	12973	0.00302856
0.965029	2	1	4	12973	0.00302856
0.966029	2	1	4	12973	0.00302856
0.966029	2	1	4	12973	0.00302856
0.967029	2	1	4	12973	0.00302856
0.967029	2	1	4	12973	0.00302856
0.968029	2	1	4	12973	0.00302856
0.968029	2	1	4	12973	0.00302856
0.969029	2	1	4	12973	0.00302856
0.969029	2	1	4	12973	0.00302856
0.970029	2	1	4	12973	0.00302856
0.970029	2	1	4	12973	0.00302856
0.971029	2	1	4	12973	0.00302856
0.971029	2	1	4	12973	0.00302856
0.972029	2	1	4	12973	0.00302856
0.972029	2	1	4	12973	0.00302856
0.973029	2	1	4	12973	0.00302856
0.973029	2	1	4	12973	0.00302856
0.974029	2	1	4	12973	0.00302856
0.974029	2	1	4	12973	0.00302856
0.975029	2	1	4	12973	0.00302856
0.975029	2	1	4	12973	0.00302856
0.976029	2	1	4	12973	0.00302856
0.976029	2	1	4	12973	0.00302856
0.977029	2	1	4	12973	0.00302856
0.977029	2	1	4	12973	0.00302856
0.978029	2	1	4	12971	0.00302856
0.978029	2	1	4	12973	0.00302856
0.979029	2	1	4	12973	0.00302856
0.979029	2	1	4	12973	0.00302856
0.980029	2	1	4	12973	0.00302856
0.980029	2	1	4	12973	0.00302856
0.981029	2	1	4	12973	0.00302856
0.981029	2	1	4	12973	0.00302856
0.982029	2	1	4	12973	0.00302856
0.982029	2	1	4	12973	0.00302856
0.983029	2	1	4	12973	0.00302856
0.983029	2	1	4	12973	0.00302856
0.984029	2	1	4	12973	0.00302856
0.984029	2	1	4	12973	0.00302856
0.985029	2	1	4	12973	0.00302856
0.985029	2	1	4	12973	0.00302856
0.986029	2	1	4	12973	0.00302856
0.986029	2	1	4	12973	0.00302856
0.987029	2	1	4	12973	0.00302856
0.987029	2	1	4	12973	0.00302856
0.988029	2	1	4	12973	0.00302856
0.988029	2	1	4	12973	0.00302856
0.989029	2	1	4	12973	0.00302856
0.989029	2	1	4	12973	0.00302856
0.990029	2	1	4	12973	0.00302856
0.990029	2	1	4	12973	0.00302856
0.991029	2	1	4	12973	0.00302856
0.991029	2	1	4	12973	0.00302856
0.992029	2	1	4	12973	0.00302856
0.992029	2	1	4	12973	0.00302856
0.993029	2	1	4	12973	0.00302856
0.993029	2	1	4	12973	0.00302856
0.994029	2	1	4	12973	0.00302856
0.994029	2	1	4	12973	0.00302856
0.995029	2	1	4	12973	0.00302856
0.995029	2	1	4	12973	0.00302856
0.996029	2	1	4	12973	0.00302856
0.996029	2	1	4	12973	0.00302856
0.997029	2	1	4	12973	0.00302856
0.997029	2	1	4	12973	0.00302856
0.998029	2	1	4	12973	0.00302856
0.998029	2	1	4	12973	0.00302856
0.999029	2	1	4	12973	0.00302856
0.999029	2	1	4	12973	0.00302856
